52646.7293559322 3859.762711864407 193357333.7457627 -2350844808.8336897 -14021.332788888889 -0.4978966101694915 20483406.85830508
39574.12879661017 3820.457627118644 195980160.76271185 -2344358497.3805714 -14049.7142 -0.5283610169491525 27875212.293389834
80817.40645762713 3963.084745762712 192900857.40677965 -2358312639.1274347 -8546.082133333333 -0.4938559322033897 14318846.27661017
44522.52801694916 3834.932203389831 192899092.7118644 -2346380788.762327 -14286.783733333332 -0.4894152542372881 25707776.905084748
47803.75520338983 3834.491525423729 192987305.93220335 -2348501101.0446053 -13506.974088888886 -0.4900949152542372 22461162.39542373
51141.709627118646 3849.135593220339 193614979.440678 -2350277584.194686 -12564.027055555554 -0.4806220338983051 18809482.960338984
49476.179322033895 3842.5254237288136 193870710.91525424 -2349664510.515647 -13063.233177777776 -0.4907186440677966 19753190.12542373
51076.85481355933 3863.0338983050847 191915442.5084746 -2349808250.94343 -14000.494922222224 -0.4967305084745762 22504958.135932207
59395.30420338983 3890.762711864407 191700149.22033897 -2352232276.7871737 -15042.6201 -0.5125271186440679 22431669.616949145
59986.76181355932 3903.0 193841080.4237288 -2352803003.122359 -13503.5885 -0.4796830508474576 17943092.300169494
60993.90479661017 3897.423728813559 191622661.8474576 -2353007970.293941 -14600.180466666665 -0.5074559322033898 20431633.733898304
44536.72733898304 3831.745762711864 193879022.77966103 -2347440296.441111 -14116.653522222225 -0.5098525423728814 23196096.25762712
49445.45538983051 3846.203389830509 192932030.33898303 -2349442303.0297384 -14077.945966666666 -0.4983966101694915 22141228.42016949
57727.25054237288 3906.576271186441 194900241.55932203 -2351675106.3576183 -15035.825833333332 -0.5054254237288136 21523406.830847457
39558.87118644069 3828.084745762712 194971047.4915254 -2344022411.805559 -14093.146822222225 -0.5311322033898305 28610640.42847457
54376.700745762704 3856.762711864407 192992111.8474576 -2351407286.371824 -13564.113633333332 -0.5095237288135593 19592129.28983051
64207.69299999999 3891.847457627119 192733052.6779661 -2354785575.890156 -11579.87442222222 -0.498 16122735.397118645
65991.33279661016 3908.762711864407 194765699.2881356 -2354735596.12915 -11548.147199999998 -0.4845389830508474 15239091.512033897
41233.2853559322 3829.406779661017 193992164.40677965 -2345292332.9044967 -14061.8625 -0.5091661016949153 26078046.02711864
62690.12633898304 3895.5254237288136 192371592.4237288 -2354189946.1588283 -12670.06482222222 -0.4730101694915253 16933975.546949152
49464.59052542373 3857.64406779661 192391652.3898305 -2348973737.620693 -15011.95393333333 -0.51 25159729.515423726
62652.300254237285 3879.4745762711855 192869215.3220339 -2354082814.20774 -10003.600611111113 -0.4953220338983051 16121218.66559322
85008.807 3941.8813559322034 190994134.93220335 -2356887029.984923 -12073.72782222222 -0.4600830508474576 18874502.6961017
67397.33118644067 3914.152542372881 192749362.6949153 -2355499881.42024 -12588.688977777776 -0.4818627118644067 16130890.22118644
51142.76752542373 3856.5593220338974 192755190.06779665 -2350166025.4856577 -14120.678322222222 -0.4965610169491525 21465442.748813555
54184.50706779661 3874.35593220339 191879841.22033897 -2350752490.695782 -15018.083233333333 -0.5101559322033898 23781423.467118643
50140.38818644068 3852.06779661017 193534176.18644068 -2347952761.847701 -15507.30962222222 -0.4971084745762711 26082536.56762712
52744.138355932206 3847.542372881356 193614358.05084747 -2350693642.6461606 -11178.371677777775 -0.4876423728813558 17983576.901186436
115470.51996610168 4014.2203389830506 191142854.18644068 -2362582557.580144 -10142.124377777778 -0.5148271186440678 17447538.220169492
41246.85459322034 3830.237288135593 195872491.94915253 -2345552775.9360337 -13648.200766666669 -0.5028322033898305 25168998.6140678
42887.784677966105 3824.864406779661 193872000.06779665 -2346317603.880303 -14044.899599999995 -0.5067949152542373 24267893.933389835
67445.55898305085 3886.4745762711855 192765152.6440678 -2355258056.4556146 -9085.79821111111 -0.4942661016949152 15281419.447627118
56992.11452542372 3873.0 191915177.06779665 -2351549651.9134407 -15005.427788888886 -0.5030677966101694 23239007.425762717
62672.30835593221 3900.762711864407 191974711.2542373 -2354334748.110285 -12038.338133333333 -0.4954338983050848 17082235.73779661
44531.13769491526 3835.8813559322034 194050951.6949153 -2347372992.287746 -14607.394144444444 -0.5130118644067796 24198963.50220339
47684.808762711866 3844.542372881356 193772738.5254237 -2348910597.258648 -14005.756533333331 -0.5019508474576271 21448232.580677968
70929.30849152544 3928.830508474576 191658443.27118644 -2356131456.558037 -13569.899511111107 -0.5102847457627119 17885741.214915253
44366.1496779661 3832.06779661017 194534671.6440678 -2347384311.0349765 -13565.34041111111 -0.4949491525423728 22425897.51711864
55836.34827118645 3886.169491525424 193939834.9661017 -2351032748.344409 -15007.344922222224 -0.5382 22167490.80372881
61691.70227118645 3892.728813559322 193950424.8135593 -2353646055.872507 -13010.085822222223 -0.4909728813559322 17009607.81338983
52770.76669491524 3852.5254237288136 194490874.1355932 -2350906934.1316485 -12342.687655555555 -0.4887186440677966 17959705.670677964
60413.7106440678 3894.915254237288 194912072.27118644 -2352851082.529047 -13528.226633333332 -0.4548864406779662 17870995.936440676
56024.855983050846 3881.762711864407 191531211.62711865 -2349904318.842207 -15502.243355555556 -0.5237864406779661 26638233.49677966
113792.14349152542 4013.4745762711855 191124519.8644068 -2362589823.823652 -9540.12201111111 -0.5175406779661016 17019860.191525426
54286.93483050847 3867.9491525423728 191867714.3559322 -2350682900.5358744 -14542.295588888888 -0.4989389830508474 22121012.50711865
65749.65708474576 3916.915254237288 192086580.5762712 -2354921921.8638663 -13506.156555555552 -0.4998186440677966 17739062.853728812
47775.70006779662 3848.745762711864 193518141.5762712 -2348448748.353966 -15063.681288888887 -0.5314440677966101 24835642.7722034
56084.60523728813 3868.8813559322034 194237861.33898303 -2351953204.9232354 -12345.721133333333 -0.4715067796610169 17005899.070677966
57531.29261016951 3873.779661016949 191959022.1016949 -2352560742.2039304 -12710.406666666666 -0.5033084745762711 18712268.357966103
65796.32137288136 3889.457627118644 191907077.4915254 -2354783872.0666385 -9635.562366666663 -0.4809406779661017 16176902.98677966
42892.82516949152 3823.8813559322034 193814707.7118644 -2346206506.5632925 -15117.133422222225 -0.5159338983050847 26627953.824745767
46196.23572881355 3833.423728813559 192807950.40677965 -2347709339.8468018 -14014.33112222222 -0.498935593220339 23837556.66694915
55610.65437288136 3896.4406779661017 192571261.30508476 -2350849347.591959 -15548.921466666665 -0.5237288135593221 23980604.57372881
56087.38376271186 3863.491525423729 192858102.47457623 -2352113871.093622 -13104.582622222224 -0.4943338983050848 18747523.13491525
72469.69559322034 3925.271186440678 193827215.1525424 -2356174266.577403 -9070.48498888889 -0.4972983050847457 14397802.720169492
60931.56469491526 3886.6949152542375 191916673.8474576 -2353547630.8664007 -12551.822888888888 -0.4884355932203389 17947710.950169493
60932.2913220339 3881.508474576271 192642632.06779665 -2353549314.2472887 -13091.716988888887 -0.490564406779661 17685844.478474576
65012.06642372881 3899.593220338983 191811763.6949153 -2354350864.662437 -14012.01171111111 -0.5148033898305084 18845319.887796607
49418.02798305085 3848.237288135593 193937525.6779661 -2349659064.761362 -13526.89872222222 -0.4993915254237288 20201852.564237293
70827.27454237288 3917.542372881356 194153957.20338985 -2355869357.193633 -8669.920888888886 -0.4764864406779661 14369360.532542374
78981.78864406778 3946.101694915254 192647124.2881356 -2357895132.307844 -8148.326144444444 -0.4941254237288135 14355305.12915254
51134.85028813559 3850.627118644068 193964406.59322035 -2350325571.2028627 -13503.316266666669 -0.4991067796610169 19589134.6540678
60854.409898305086 3909.271186440678 193809828.7457627 -2352641600.871999 -15105.757633333336 -0.5123457627118644 21520291.962711863
52422.56361016948 3857.0508474576272 192957526.2881356 -2350347807.355403 -15005.432466666667 -0.5239779661016949 23056384.947796613
51105.7333220339 3851.9491525423728 192981939.33898303 -2350189374.239424 -13650.81961111111 -0.4946237288135593 20594858.307288133
62402.282525423725 3896.135593220339 191913151.5084746 -2353926107.0343914 -13021.37001111111 -0.495757627118644 17971449.458983053
41203.267966101695 3826.101694915254 194845396.23728812 -2345483943.350376 -14817.685533333331 -0.5143711864406779 26866586.980338976
126758.5677457627 3997.322033898305 191781989.6610169 -2362545162.386301 -9055.453266666666 -0.488386440677966 17890582.81881356
59378.02611864406 3890.745762711864 194722851.27118644 -2353068376.3945427 -11530.518133333331 -0.5009610169491525 16163115.040847458
56087.13045762712 3868.677966101695 193869736.83050847 -2352146315.951953 -11593.991855555556 -0.4961491525423729 16932040.78762712
56073.80627118644 3878.898305084746 193987225.20338985 -2351883258.14334 -13624.011833333332 -0.4877830508474576 18496816.32288136
59166.52342372882 3896.423728813559 195419844.45762712 -2352162342.0144696 -14024.007711111111 -0.4842033898305085 18777218.868813563
37940.91077966102 3840.2203389830506 197001273.8135593 -2343288653.916717 -14137.606544444445 -0.5367491525423729 30247082.490677968
52747.38344067797 3868.627118644068 191798215.22033897 -2350421605.989841 -13613.098455555555 -0.4901169491525424 21508531.22898305
37943.290593220336 3843.203389830509 195870429.77966103 -2343116179.361234 -14562.414088888889 -0.5328745762711864 30862994.73610169
49497.83920338983 3851.915254237288 193444918.6779661 -2349196554.7861485 -15178.689888888886 -0.5189525423728814 24176510.49067797
47840.18722033899 3858.779661016949 191898916.3220339 -2347732639.9255257 -14150.943833333333 -0.4804677966101694 25096554.625084743
59387.25649152542 3880.796610169492 191973726.7118644 -2352935221.1009445 -10848.73778888889 -0.4845610169491526 17885579.990000002
59246.15713559322 3883.593220338983 191833819.440678 -2353087366.783316 -13156.784877777776 -0.4933728813559321 18745539.58711864
72512.98750847456 3919.661016949152 191989850.1016949 -2356871746.836737 -10276.082788888889 -0.505071186440678 15198101.906271182
41236.1026101695 3830.5254237288136 193913378.83050847 -2345028013.1580114 -14858.957477777776 -0.5153915254237288 27830780.64372881
67631.67854237289 3913.084745762712 191992983.20338985 -2355684602.129755 -12140.073755555555 -0.4933627118644068 16033709.67322034
54073.56794915255 3881.135593220339 194909534.4237288 -2350799388.2173223 -14040.974322222222 -0.4999050847457627 19742170.390338983
60096.28891525424 3886.0 193980783.23728812 -2353295933.9691086 -11681.178677777776 -0.5249830508474577 16102625.976610169
59293.7690338983 3893.813559322034 192394338.59322035 -2352838433.9704347 -14073.84198888889 -0.5105220338983051 19422013.73915254
50546.69881355933 3855.35593220339 192821796.0338983 -2349828171.232616 -14529.201466666666 -0.5068915254237287 22804090.71559321
47818.6990677966 3836.135593220339 193926657.16949156 -2348958773.714704 -13262.179499999998 -0.4909881355932203 20617147.173559323
51144.059627118666 3865.779661016949 191785246.79661015 -2349328477.1186147 -15014.574111111113 -0.5057745762711865 25099137.35338983
62428.27925423729 3911.864406779661 193812364.01694915 -2353491309.002014 -14021.530733333331 -0.5011440677966102 18740058.829322036
57246.50081355932 3871.0338983050847 193707350.7288136 -2352358825.2798133 -12596.081788888889 -0.4648084745762711 17007891.2879661
62657.92164406779 3895.491525423729 191670774.6440678 -2353691999.8567104 -13606.77512222222 -0.5074016949152542 18797441.04254237
49329.43986440678 3865.898305084746 191995415.0 -2348878246.861048 -14534.904577777776 -0.4924050847457628 24267861.50067797
59356.54303389831 3875.762711864407 193896041.05084747 -2353171270.098521 -11052.935633333333 -0.5048830508474577 16110393.37305085
69299.19976271187 3911.64406779661 192764485.8644068 -2356109703.692358 -10536.502833333332 -0.5026338983050848 15252490.428644069
52582.61415254238 3858.4745762711855 193982827.9661017 -2350877890.840114 -13072.8149 -0.4931864406779661 18783662.07542373
52579.87403389831 3874.322033898305 191841123.2881356 -2347325847.6260023 -15505.937144444444 -0.4904406779661017 29495649.037627123
46079.361762711866 3840.542372881356 193760546.6101695 -2348114460.206905 -14506.550244444445 -0.5063254237288136 23234226.82677966
75408.69138983054 3938.779661016949 194769575.3559322 -2356538280.34834 -9558.323711111112 -0.4731813559322034 14393766.060677964
51149.56352542373 3860.5254237288136 192832098.55932203 -2349689816.7693887 -15262.036277777775 -0.5191305084745762 24144732.647796616
65699.56386440678 3907.9830508474574 191824759.54237288 -2355077404.0570016 -12659.90368888889 -0.4745305084745762 16675147.931016946
59366.067627118646 3883.6949152542375 191678769.06779665 -2352655026.290564 -14556.927133333333 -0.5234186440677967 21015351.593898308
52277.22696610169 3865.779661016949 192742018.22033897 -2350438593.679027 -14514.677811111113 -0.516793220338983 21563027.813559324
46197.55242372881 3836.6101694915255 193895466.6440678 -2348222532.1573176 -14278.596255555554 -0.5080305084745763 22443706.330847457
59228.66837288135 3872.322033898305 192974635.01694915 -2353193395.25196 -11569.543644444442 -0.4948474576271186 16965654.94847458
128283.55605084746 3998.101694915254 191087160.2542373 -2362611155.142986 -10007.144177777776 -0.5019694915254237 18360625.78847458
117817.27494915256 4010.152542372881 191136618.6949153 -2362508955.5595937 -10542.301666666666 -0.514042372881356 17976538.674915254
54438.21772881356 3855.932203389831 192903388.22033897 -2351402557.239556 -12637.780866666664 -0.4649898305084745 18656065.307288133
55292.88674576272 3888.06779661017 194302476.79661015 -2351088529.9647894 -14607.713966666666 -0.5079440677966103 20547364.778644063
51149.82625423729 3863.0338983050847 191946770.18644068 -2349849617.221572 -13980.708655555554 -0.4961661016949152 22365742.701186445
46195.28647457627 3831.6101694915255 192926121.54237288 -2347711388.4900246 -14546.706455555555 -0.5031559322033898 24841323.004406776
61600.66706779662 3889.06779661017 193248171.5762712 -2353607552.038566 -13555.637411111113 -0.5093491525423729 17974349.587457627
65177.60923728814 3897.4745762711855 193871382.30508476 -2354639661.401527 -11098.751844444443 -0.485564406779661 15241592.262881355
46035.93211864407 3835.915254237288 193976229.08474576 -2348189149.9693804 -13576.493588888889 -0.4967322033898305 21546702.978813555
63021.12023728815 3898.9491525423728 191817445.6610169 -2354359371.348108 -12038.338133333333 -0.4869169491525424 17098322.71152542
49394.22752542373 3853.5254237288136 193683288.1186441 -2347670355.083323 -15507.30962222222 -0.4895440677966101 26267913.432203397
51079.02142372882 3856.4745762711855 194173193.4915254 -2350164937.3949885 -14015.110622222222 -0.4986084745762712 20424627.12779661
39476.99459322035 3827.0508474576272 194818522.37288132 -2344114330.9750056 -14608.939399999996 -0.5263796610169491 29141431.83457627
56023.98127118645 3881.406779661017 194884897.5254237 -2351987045.2672687 -13100.865355555556 -0.4825271186440678 17984864.089491524
70704.1825762712 3913.169491525424 193992202.37288132 -2355594140.5848546 -8188.421233333332 -0.4966728813559322 14279274.137288138
63870.05271186441 3898.237288135593 192430622.1016949 -2353739433.2078247 -14001.286888888888 -0.5046237288135594 18780159.909152545
83683.68006779661 3934.152542372881 190967814.23728812 -2356269597.4984574 -13063.13012222222 -0.4665203389830509 19796747.528983053
60959.86484745763 3888.135593220339 194789395.54237288 -2353410780.39898 -12119.619333333332 -0.4859542372881356 16043690.185932204
57070.43864406779 3870.627118644068 192625396.1525424 -2352333487.459508 -13548.9035 -0.508593220338983 18899351.70050848
62446.15150847457 3893.762711864407 193803058.0 -2353960451.48084 -12528.116588888886 -0.489564406779661 16128125.47237288
55854.12925423728 3873.9830508474574 191970426.8983051 -2351732301.2015696 -14074.525766666666 -0.4999169491525423 20611563.51728814
54398.68976271187 3871.406779661017 194431037.98305085 -2351259446.564269 -13550.904733333333 -0.4924949152542373 18629561.237457626
47734.80227118645 3843.745762711864 192771403.6949153 -2348525280.1669564 -14018.450777777776 -0.4993440677966101 23226096.462033898
65545.42516949151 3919.9830508474574 191998235.77966103 -2353903872.667935 -15105.757633333336 -0.5309423728813559 21585978.59050848
41237.659525423725 3821.627118644068 195883890.4237288 -2345553054.463651 -15009.287533333334 -0.5076355932203389 26987218.715593223
61020.71691525423 3893.491525423729 191924313.6949153 -2353254214.7663245 -14092.621277777776 -0.5121966101694915 19344488.510677963
73420.29538983051 3938.796610169492 192611167.440678 -2356990966.326005 -11552.665044444442 -0.496028813559322 15299123.879322032
42890.596864406776 3831.762711864407 194786705.33898303 -2346509920.6290307 -14725.754366666668 -0.501422033898305 25419643.364406776
47829.08269491525 3840.084745762712 194862277.8474576 -2349042748.8485947 -13570.4308 -0.5014576271186441 20558229.56711864
60875.17027118644 3896.6949152542375 191784739.94915253 -2351447866.7502007 -15525.76853333333 -0.509664406779661 25188281.818135597
70570.69015254237 3915.237288135593 191942020.1525424 -2356283610.9209948 -9573.59531111111 -0.5052576271186441 15132869.041864404
51463.76359322034 3865.9830508474574 192585825.45762712 -2348747437.352227 -15507.30962222222 -0.5006966101694915 26165581.2259322
66364.46977966103 3912.3898305084745 191965546.18644068 -2355114574.664149 -13033.097655555555 -0.4909677966101695 17077650.335254237
82488.37140677965 3933.6949152542375 190988304.33898303 -2356034045.36343 -13613.03978888889 -0.4720423728813559 20336322.989830505
44526.200762711866 3838.9661016949153 193827268.37288132 -2347208745.152915 -14815.728377777776 -0.5098508474576271 25100460.670508478
47253.555016949154 3856.271186440678 191988357.4237288 -2347477371.1381783 -15026.532366666668 -0.5026338983050848 26978393.933389828
62681.75788135593 3885.9830508474574 193933960.55932203 -2353809098.825449 -9421.972166666665 -0.5136559322033899 15283208.150677966
69627.20340677966 3920.542372881356 191929218.1355932 -2356122828.104368 -12529.2455 -0.484628813559322 16162199.823728817
86381.7127118644 3942.593220338983 190993912.76271185 -2357229254.38926 -10073.94231111111 -0.4592322033898305 17943947.64
60586.66494915254 3895.898305084746 194985607.62711865 -2352651498.467781 -14084.60772222222 -0.4672169491525424 18517697.354915254
44542.61389830509 3838.508474576271 193836200.88135597 -2347087094.3259983 -15045.466355555553 -0.5173610169491526 25697644.91644068
44504.08511864406 3830.423728813559 192870808.59322035 -2346459366.1609235 -15014.860466666663 -0.5121745762711865 27600814.520677965
55427.41630508475 3858.6949152542375 192924077.08474576 -2351554506.8189454 -10557.069488888888 -0.4815338983050847 17931196.970338985
53231.18438983051 3858.9830508474574 193614127.5084746 -2351120892.914681 -12797.861100000002 -0.4783576271186441 17947357.885932203
61023.13364406779 3880.542372881356 192765689.76271185 -2353768309.343002 -12067.682688888888 -0.496664406779661 16980694.75135593
141532.19133898304 4001.932203389831 191278884.37288132 -2362534150.4779654 -11104.528633333332 -0.4816338983050847 19771084.851694915
75839.1346779661 3936.3898305084745 191867065.5084746 -2357539321.6744323 -11191.5311 -0.4953050847457627 15144429.22322034
53307.38047457627 3878.2203389830506 193447512.22033897 -2349880722.9271 -15512.317777777776 -0.5330169491525424 24827436.937457625
62695.78416949153 3894.915254237288 191953328.40677965 -2354265704.166382 -11704.862466666666 -0.4962677966101694 16878452.564915255
49220.23716949153 3841.237288135593 192961949.88135597 -2349328436.8406267 -13567.174944444443 -0.4835627118644068 21245054.22169492
40590.15518644069 3833.4745762711855 193852522.83050847 -2344484750.3219275 -15038.272866666666 -0.5075084745762711 29194543.7859322
70444.6322881356 3921.084745762712 193483840.8983051 -2356290682.646664 -11512.3059 -0.4876118644067796 15208435.29559322
54421.97566101695 3871.932203389831 192400725.8135593 -2351378911.399966 -14038.906188888888 -0.5030830508474576 20483986.024915256
60220.22606779661 3900.271186440678 191839863.16949156 -2351748358.836468 -15534.53728888889 -0.5159983050847458 24193706.57
46178.684813559325 3838.71186440678 192918189.7457627 -2347546584.901617 -15026.4923 -0.5095000000000001 26079577.51779661
52722.19013559324 3854.508474576271 192981102.59322035 -2350882617.390183 -13273.485888888888 -0.4922559322033897 19764328.4879661
143422.8699152542 3997.64406779661 191087654.76271185 -2362512711.059709 -11225.116377777777 -0.4772542372881355 19795737.02305085
42873.99355932204 3825.830508474576 194933860.4237288 -2346479798.269218 -13431.842733333331 -0.4990983050847457 23380548.58440678
51079.979389830514 3869.322033898305 193745157.5084746 -2349748978.518564 -14505.862611111112 -0.5030423728813559 22322232.5620339
57714.752593220335 3868.237288135593 192668617.27118644 -2352682900.2127147 -12646.287355555556 -0.4812694915254237 17590060.62830509
39599.9852881356 3820.169491525424 195505000.5762712 -2344433031.220436 -14794.25532222222 -0.5256949152542373 28688653.5061017
68063.51284745763 3898.8813559322034 192683574.6440678 -2355763702.8657675 -10092.413077777775 -0.4938355932203389 15243881.27677966
57528.19645762712 3880.0 193783824.6101695 -2352460214.035305 -13079.909744444443 -0.4975203389830509 17510291.57677966
54449.33166101695 3875.135593220339 191924007.45762712 -2351241315.3400693 -14188.252477777776 -0.4966661016949152 21159712.927457627
62590.39069491525 3886.338983050848 194164457.20338985 -2353778936.923114 -9574.55612222222 -0.5121932203389831 15284141.560847456
67243.56388135593 3924.237288135593 191945051.8135593 -2354627194.8764577 -14521.5897 -0.5248372881355933 19688840.53322034
64231.21044067797 3894.915254237288 194310460.01694915 -2354297090.5540786 -10843.598899999995 -0.4856542372881355 15231599.559491524
50852.99379661018 3856.35593220339 195724060.6779661 -2350256729.2483816 -13056.324277777776 -0.4781423728813559 18572903.011864413
64852.112152542366 3904.661016949152 191939346.08474576 -2354861435.9450064 -10527.316888888889 -0.4884593220338983 16098169.935254237
56038.79081355932 3871.9830508474574 191999694.88135597 -2351892814.5047107 -13592.970022222222 -0.4947796610169492 19791663.675084744
51046.0809661017 3875.3898305084745 194667088.0338983 -2348907404.887268 -15507.30962222222 -0.5267254237288136 25072092.20101695
54443.14101694916 3873.8813559322034 191817264.1016949 -2351223346.49244 -13601.715611111107 -0.4875322033898305 20498125.29559322
62671.12337288135 3913.915254237288 193525277.20338985 -2353405547.9280577 -14516.27542222222 -0.5075338983050847 19578124.61135593
53533.886355932205 3872.762711864407 194245415.6101695 -2350486511.1855545 -15007.344922222224 -0.5402440677966102 22346608.39661017
52797.468593220336 3869.3050847457625 191924990.6949153 -2350509095.8977 -14033.461122222225 -0.484828813559322 22074156.98135593
73773.20123728813 3927.4406779661017 191947609.83050847 -2357214745.0052304 -10581.180911111109 -0.5025694915254237 15258898.632372882
#