67598.34652542374 3911.288135593221 191832650.16949156 -2355668044.1402726 -11192.042744444445 -0.4985152542372881 16192762.23983051
52795.35172881356 3871.593220338983 191966716.93220335 -2350445942.036613 -14674.86187777778 -0.5074559322033898 22943742.11966102
56058.63564406781 3857.71186440678 194459415.20338985 -2352207079.654993 -12130.419522222222 -0.4871661016949153 17031203.55440678
42894.93093220339 3823.762711864407 194303889.8983051 -2346499806.630805 -14301.8891 -0.5030525423728813 24246767.53491525
52730.7709661017 3863.9491525423728 194501322.16949156 -2350740699.7655177 -13551.70921111111 -0.4834508474576272 18742566.88271187
44530.8410338983 3836.627118644068 193814081.8644068 -2347354973.414636 -14007.893966666665 -0.4901949152542373 23066728.136949148
39592.15571186441 3832.864406779661 194148463.30508476 -2344027870.8861794 -14768.985666666666 -0.5257372881355932 29505099.281355925
56032.53867796611 3897.0508474576272 191767200.05084747 -2351633679.290677 -14111.875633333331 -0.4979118644067797 20645004.81847458
46174.62720338983 3830.084745762712 192937555.1525424 -2347602674.8354225 -13586.827366666666 -0.4888033898305084 23387078.34966101
44531.58554237288 3822.6101694915255 194258422.62711865 -2347408515.6151423 -14521.202166666666 -0.5094152542372881 24113237.03288136
52712.78850847457 3850.406779661017 193980632.23728812 -2350765273.1561294 -11518.047533333334 -0.4930016949152542 17902993.8759322
49355.35666101696 3853.542372881356 193755793.20338985 -2349288530.3495846 -14512.756166666666 -0.5079627118644068 22362561.575932205
39594.7202881356 3835.915254237288 194699290.4915254 -2344269825.320301 -14166.266677777776 -0.5180661016949153 27981566.99254237
74224.61316949152 3940.745762711864 192652792.83050847 -2357229453.0418105 -11657.216788888887 -0.4854169491525424 15202486.280169493
41249.60442372881 3828.1186440677966 194844102.0338983 -2345523796.7823524 -14183.896399999998 -0.5104576271186441 25501787.02644068
50012.313881355934 3855.203389830509 193910195.6440678 -2349786574.6176105 -14033.067077777778 -0.5033728813559322 20657447.62898305
55910.97745762712 3889.35593220339 191772676.27118644 -2351160487.936394 -15026.7719 -0.5196389830508474 23208134.83254237
50953.851508474574 3880.576271186441 192547991.22033897 -2349641982.966414 -15131.477811111108 -0.5196 24011795.911355924
47834.0373898305 3835.2203389830506 193977888.54237288 -2349030689.29459 -13356.337811111112 -0.4960949152542372 20510749.366610173
52777.44550847457 3864.9830508474574 191985189.2881356 -2350476513.418217 -12331.802777777775 -0.4828525423728813 20487345.5481356
52662.90238983051 3868.627118644068 192359385.33898303 -2350416608.0308814 -14569.364177777774 -0.5006881355932202 22431875.65186441
44388.7299322034 3836.372881355932 193663835.1355932 -2347059883.196011 -15019.161055555558 -0.5115474576271186 25506550.180000003
41222.37045762712 3831.4745762711855 193921676.33898303 -2345203644.473623 -14217.300444444443 -0.5088440677966102 26655619.04966101
60789.11908474576 3898.6101694915255 191716076.7288136 -2352681962.6600194 -15000.538766666665 -0.5216915254237288 22388444.841694918
54190.43747457627 3870.152542372881 191641370.77966103 -2350869075.0561886 -14534.839111111109 -0.4979745762711864 22253089.04983051
49401.34057627118 3862.9661016949153 191853629.1525424 -2348653889.215157 -14500.50901111111 -0.5016338983050848 24790787.555084743
113597.69706779662 4016.2203389830506 191137523.6779661 -2362528737.0377965 -9037.736366666668 -0.5144135593220339 16858838.980508476
44515.228338983055 3836.457627118644 194292944.9661017 -2347377686.6396995 -13327.807144444443 -0.4914677966101695 22336093.842711862
51929.05761016949 3860.169491525424 191876781.54237288 -2348856337.7516856 -15500.406566666665 -0.5063593220338983 26378921.284915257
76827.72972881355 3933.71186440678 192662939.05084747 -2357414047.938292 -8133.183177777778 -0.4979305084745762 14368265.820338983
70931.35615254237 3914.627118644068 194973952.8983051 -2355703514.580464 -8932.709388888888 -0.4744847457627119 14390949.383389829
62681.7402881356 3889.06779661017 194302063.79661015 -2353834988.922172 -9567.380555555554 -0.4988677966101695 15147734.035932206
68905.39152542372 3912.237288135593 193917631.77966103 -2355790281.975322 -11609.9294 -0.4832949152542372 15152388.426101694
61816.5927118644 3896.288135593221 192028893.5254237 -2353323491.92516 -14522.522766666663 -0.5107338983050848 20220522.27491525
49453.91501694916 3860.271186440678 192864851.94915253 -2348972171.2529683 -15004.396588888889 -0.507735593220339 24766843.65338983
68840.39249152542 3932.576271186441 192748590.30508476 -2353138171.2859025 -15596.382 -0.5052389830508475 23383410.36661017
65733.13844067797 3899.491525423729 191981810.88135597 -2355154466.861624 -10757.748855555556 -0.4957186440677966 16155499.391525429
51037.20281355932 3853.847457627119 193920577.16949156 -2350305555.717295 -13519.779866666666 -0.5027661016949152 19496168.90745763
44346.04510169491 3829.5254237288136 192974816.6101695 -2346545036.64428 -15011.310377777778 -0.5104677966101695 26995030.345084745
46183.45522033898 3849.9830508474574 194406086.0338983 -2347970622.154927 -15095.87762222222 -0.5198694915254237 23922177.991016954
51113.72479661017 3853.3898305084745 192802323.8474576 -2350173038.87932 -14088.498455555557 -0.503806779661017 21305979.68610169
57633.2665762712 3870.728813559322 194568003.8644068 -2352389827.1251955 -12702.26721111111 -0.4694457627118644 16931047.18644068
50824.95140677967 3865.661016949152 192898383.37288132 -2349907679.722255 -13616.981677777778 -0.4909728813559321 20687419.905084744
59363.06676271187 3879.0508474576272 192680939.98305085 -2353093082.4197145 -11569.382999999998 -0.4695796610169492 16944757.222033896
42681.68362711864 3819.762711864407 194578735.01694915 -2346416820.2198462 -14506.511333333332 -0.503535593220339 24905984.31169492
57463.63566101695 3872.677966101695 192799744.0 -2351862612.9233217 -14051.198533333334 -0.4915491525423729 19746302.13237288
41204.324525423726 3822.830508474576 193911733.6610169 -2345164324.4472146 -15002.60178888889 -0.5125915254237289 27870387.079152543
49491.92886440679 3845.06779661017 192690667.77966103 -2349338436.4836407 -13021.309222222222 -0.4872881355932203 21356729.074576277
55227.59511864407 3891.898305084746 192827676.1355932 -2350776417.3291388 -15561.933022222223 -0.525171186440678 23659517.935084756
55813.092101694914 3876.203389830509 194204816.94915253 -2351765571.23388 -13335.489688888889 -0.4749338983050847 17954855.25118644
61770.38576271187 3899.576271186441 193688530.16949156 -2353732569.377354 -13512.053377777778 -0.4991406779661017 17778635.632372882
49412.205898305096 3852.016949152543 193996891.47457623 -2349098780.9232907 -15023.647166666666 -0.5115050847457627 23812177.05762712
54360.6826779661 3857.4745762711855 193376203.8474576 -2351425573.299856 -12528.98092222222 -0.4685745762711865 17958493.4179661
49478.94984745764 3860.169491525424 194802403.55932203 -2349080088.095064 -15025.500766666664 -0.5190728813559322 22986335.054745767
70907.61825423728 3913.203389830509 191844808.6440678 -2356154270.267059 -8800.1372 -0.4997016949152542 15294679.89
61040.05428813559 3885.06779661017 193893693.1186441 -2353461946.056736 -12018.16411111111 -0.4729457627118643 16140061.914067796
42892.05888135593 3827.627118644068 194802981.01694915 -2346350014.5565786 -13114.715788888889 -0.4984542372881356 23345577.34135593
62340.36266101695 3887.813559322034 193553041.8135593 -2353922017.1384683 -13005.754844444446 -0.4802677966101695 17065790.58016949
64273.393 3897.491525423729 192810978.5762712 -2354885907.54665 -11739.44422222222 -0.5038644067796609 16193956.58237288
115452.35938983053 4014.864406779661 191133637.3898305 -2362575792.252431 -10069.4405 -0.5171728813559322 17529936.410677966
61008.04220338984 3891.152542372881 191981069.1355932 -2353356436.868756 -14097.64501111111 -0.5187847457627119 19685757.10932203
59384.56866101696 3880.745762711864 193898461.2542373 -2352970927.6632686 -12836.399377777778 -0.4770525423728813 16877880.072033897
46000.40198305085 3834.0 193931727.1186441 -2348090664.3029966 -14500.241255555551 -0.5141186440677966 23439660.743050847
62681.804644067786 3877.508474576271 192955413.5084746 -2354042282.067549 -9618.779588888889 -0.490528813559322 16130543.01440678
54441.32552542373 3871.372881355932 191754202.77966103 -2351218562.3344584 -13689.115277777775 -0.4964949152542373 20617803.36711865
61657.79196610171 3881.9491525423728 191793235.7118644 -2353809002.6981187 -11533.38881111111 -0.4735542372881356 17044253.06881356
47845.2762881356 3843.932203389831 193910182.440678 -2349002584.5532327 -14009.52481111111 -0.5061830508474576 21283592.52966102
73773.32574576272 3939.508474576271 191685147.8644068 -2356286403.320454 -14006.2889 -0.5109474576271186 18728889.36813559
52718.08584745762 3865.728813559322 191918725.45762712 -2350468563.551214 -14028.34551111111 -0.4996152542372881 21555455.28542373
55945.993169491536 3876.372881355932 191959328.20338985 -2351857786.617574 -13586.226744444442 -0.4852627118644068 19613863.074915256
65634.27864406779 3903.813559322034 193867809.23728812 -2354644776.5124874 -11119.092644444445 -0.4790338983050847 15209825.304915257
121611.60291525425 4015.576271186441 191133613.18644068 -2362552842.967218 -11032.678466666666 -0.5093728813559322 18338294.791525424
47713.34106779661 3833.64406779661 194820070.22033897 -2349069661.5416665 -13599.443866666668 -0.4841762711864407 20428669.232372884
67285.31274576271 3897.71186440678 192749714.88135597 -2355500432.377214 -9640.007288888888 -0.4973728813559322 15277702.56457627
44549.851254237285 3837.847457627119 193920080.7118644 -2347282922.271245 -14697.432588888889 -0.5156999999999999 24761774.273898304
42877.40954237288 3825.508474576271 193722030.5254237 -2346327742.477614 -14227.432055555557 -0.5030677966101695 24612515.56440678
65854.11908474578 3896.830508474576 193819695.6949153 -2354886604.153407 -10736.000944444444 -0.4959305084745763 15217913.44338983
65403.468711864414 3914.135593220339 191663465.6440678 -2353927208.434088 -15080.681333333332 -0.5195033898305085 21585025.458135597
57586.58630508474 3884.576271186441 194442654.33898303 -2351921406.3273826 -14600.782655555557 -0.4964203389830508 20293860.35881356
49456.884 3847.847457627119 193831077.22033897 -2349663945.1232967 -13765.682077777778 -0.5001440677966102 20357279.61491525
59209.82420338983 3877.491525423729 193908229.05084747 -2353081152.544492 -11032.0322 -0.4991169491525423 16107458.109322032
72981.98633898306 3930.745762711864 193906616.20338985 -2356221861.8655505 -8445.641988888887 -0.4837372881355932 14381368.016949153
65805.70755932204 3898.661016949152 194403602.83050847 -2354767992.629125 -11119.092644444445 -0.478542372881356 15264623.89677966
54144.82545762712 3858.847457627119 192777542.5254237 -2351332224.4022784 -13206.29512222222 -0.4925474576271187 18827964.01779661
65432.97559322033 3895.338983050848 192904564.77966103 -2354800788.7830167 -13028.690366666666 -0.4853949152542374 16931153.3279661
130190.07779661016 3998.423728813559 191089436.47457623 -2362789803.571624 -8671.419688888887 -0.4915389830508475 17973024.199322037
39594.95023728814 3831.508474576271 195660886.88135597 -2344432443.7446904 -14128.226566666666 -0.5142203389830509 27490826.64016949
49490.73840677966 3862.728813559322 191835071.59322035 -2348337623.843451 -13567.686866666663 -0.4791847457627119 23955947.81576271
45928.20269491525 3842.203389830509 192992169.0338983 -2347654910.300164 -14553.617277777776 -0.5026610169491526 24727716.029152542
70443.2833220339 3919.4745762711855 192658506.30508476 -2356295038.775465 -11269.86511111111 -0.4932406779661016 15245265.087796614
64309.98511864407 3897.254237288136 194998330.37288132 -2354196329.214042 -12500.44641111111 -0.4769423728813559 16031901.279152542
44535.74247457628 3838.9661016949153 195711775.22033897 -2347495704.8279743 -13638.816599999998 -0.4897593220338983 22256852.19847457
55940.21993220339 3877.288135593221 194360908.22033897 -2351450245.3121457 -14202.615055555554 -0.521122033898305 19655614.637966104
57501.938305084754 3866.898305084746 192862228.18644068 -2352394390.4653745 -11211.468444444445 -0.4772779661016949 16969443.354406778
51062.69789830509 3867.0 191891823.5084746 -2349650413.4397087 -14557.72632222222 -0.5013966101694916 23681761.40694915
56039.77986440679 3887.288135593221 193841779.1355932 -2350776867.180285 -15166.698777777776 -0.5149610169491525 22320948.29932203
64234.1785762712 3899.6101694915255 194884788.94915253 -2354413915.0642905 -10503.045766666666 -0.4766169491525424 15133722.330169491
64140.26677966103 3904.915254237288 191764389.6610169 -2354516070.1859 -12538.206833333334 -0.4582762711864406 16962572.55118644
73327.25755932202 3931.3050847457625 194935279.76271185 -2356262557.092204 -9508.950399999998 -0.4901169491525423 14391292.277118644
72318.30166101694 3922.71186440678 191935331.62711865 -2356786838.675905 -10516.683666666668 -0.4905135593220339 15251660.695084743
54326.70389830509 3863.915254237288 193036693.7288136 -2351103816.7052646 -14531.92311111111 -0.5095898305084746 21284918.97338983
70324.51445762713 3928.9830508474574 191458979.83050847 -2355970992.7412314 -13589.936522222222 -0.5009508474576271 17923871.01898305
55707.55755932203 3866.728813559322 193984110.9661017 -2352015503.96469 -11605.250455555555 -0.4866830508474576 17078379.567457628
57383.24027118644 3889.762711864407 191993435.94915253 -2351854505.905475 -14651.433555555555 -0.5129271186440678 21380804.57762712
59329.91184745762 3887.186440677966 191907014.20338985 -2353114187.084237 -13009.04932222222 -0.4799457627118644 17993335.94881356
47818.180847457625 3845.3898305084745 192939676.37288132 -2348722827.713624 -14112.448766666665 -0.4958559322033898 22993317.20084745
85605.23499999999 3964.35593220339 191925423.8644068 -2358833645.046293 -6637.22741111111 -0.4869745762711864 14395362.681525424
57467.14472881357 3874.4406779661017 192711820.1355932 -2352268699.80735 -13009.04932222222 -0.4762423728813559 17979174.118474577
126526.62723728814 3998.203389830509 191095790.98305085 -2362587943.758909 -10236.095266666664 -0.5016610169491525 18354839.795932204
47530.6550338983 3855.864406779661 191941078.01694915 -2347470921.7971115 -14559.2005 -0.4798864406779661 26095011.10186441
52110.95450847458 3851.779661016949 194090218.93220335 -2350659974.7903733 -12550.04391111111 -0.484306779661017 17944055.72355932
71725.54891525424 3935.186440677966 191748025.06779665 -2356485088.333404 -13214.950222222222 -0.515571186440678 17051660.796779662
42853.077728813565 3827.237288135593 193855125.440678 -2346095927.502517 -13413.901466666666 -0.4983830508474576 24248373.588644072
59702.63176271187 3897.576271186441 194365287.4915254 -2352837140.6687107 -13520.444233333334 -0.5089101694915255 17936089.11271186
46136.07330508475 3834.5254237288136 193841681.33898303 -2348236792.936083 -14120.9146 -0.5036728813559322 22124455.704406776
63848.35057627119 3908.728813559322 192071438.54237288 -2353583441.7472343 -15060.512388888885 -0.5206644067796611 21483626.82016949
37943.999338983056 3824.0338983050847 196776137.55932203 -2343357439.50041 -14693.926833333331 -0.534 30756218.92101695
65985.10320338982 3897.2203389830506 192983435.16949156 -2355080707.3421097 -12531.108677777776 -0.4826610169491525 16102467.41220339
57617.50449152543 3879.0508474576272 191802526.98305085 -2352502335.2641826 -13010.109733333333 -0.4834728813559322 18509156.49983051
72364.25352542372 3931.271186440678 194884255.440678 -2356115602.167552 -9129.51752222222 -0.4631694915254237 14362736.741186442
59377.98576271187 3880.542372881356 194430485.8983051 -2352910546.7288857 -13106.282377777778 -0.4869881355932203 17091304.7
80774.22666101695 3958.4406779661017 192882840.76271185 -2358299069.652495 -8750.691555555555 -0.4953372881355932 14328019.148474578
54428.90823728814 3862.152542372881 192556737.7457627 -2351335675.216451 -14070.20718888889 -0.5050864406779662 20509202.627627123
47787.37194915254 3850.745762711864 193699047.06779665 -2348184152.492483 -15059.457955555554 -0.4958440677966102 24786634.86932203
49413.408 3845.016949152543 193764274.05084747 -2349678757.7143 -13094.615877777778 -0.4987186440677966 19758108.08016949
49408.36081355932 3860.084745762712 191834009.6779661 -2348254218.7662134 -15189.77398888889 -0.5000372881355932 26621249.011186443
60827.51991525424 3905.152542372881 193527142.30508476 -2352865511.805442 -14525.392144444444 -0.4955169491525424 20511454.903728813
52782.37154237287 3870.898305084746 192993684.77966103 -2350252413.637302 -15139.571333333331 -0.518922033898305 23282956.153898302
49278.97057627119 3850.135593220339 192950916.0338983 -2349002734.885842 -14546.199377777775 -0.4902593220338983 23080269.376949158
59272.67415254237 3891.2203389830506 191486465.05084747 -2351714622.817619 -15531.06982222222 -0.5105491525423729 24143429.41372881
81621.25435593221 3968.016949152543 192967513.59322035 -2358509471.365825 -9029.474488888887 -0.4998542372881355 14383587.853559325
49437.08694915254 3858.423728813559 192996302.3898305 -2349323142.030852 -14041.430877777775 -0.4885355932203389 21870572.848644063
37918.22018644068 3834.728813559322 196855407.8474576 -2343237335.896408 -14368.186922222225 -0.5471135593220339 30565228.39169492
57588.63567796609 3881.322033898305 192961804.9661017 -2351500690.978652 -15071.298411111107 -0.5020779661016949 22344320.95237288
51129.45030508475 3863.8813559322034 191969973.45762712 -2349807902.8390994 -14015.6687 -0.4908745762711864 22418943.57118644
135279.65493220338 3994.423728813559 191099925.1016949 -2362546126.485837 -10517.883466666666 -0.4980237288135593 19092384.473050844
55211.73133898305 3861.491525423729 192826886.93220335 -2351804379.85456 -12620.490144444446 -0.4836762711864407 17936161.929322034
57595.90188135594 3887.677966101695 194541141.37288132 -2351745608.807182 -15027.837333333331 -0.506264406779661 21416379.342203382
46165.73076271186 3836.6949152542375 193702066.8983051 -2348221514.6987634 -13506.756255555556 -0.5053745762711864 21483133.136779662
51134.13620338983 3867.1186440677966 191941901.83050847 -2349484971.480721 -15003.788766666668 -0.5020813559322034 24883606.39525424
47750.35447457627 3851.457627118644 194073508.9661017 -2347800493.3863707 -15501.172566666666 -0.4971627118644067 25679128.36644068
64294.50674576272 3884.423728813559 193775206.93220335 -2354263252.8514075 -9370.389988888888 -0.5036033898305085 15097882.447796611
52544.151491525416 3872.9661016949153 194405228.55932203 -2350392371.450465 -14511.503066666666 -0.4951898305084746 21438519.577627115
52701.51325423728 3869.796610169492 191923932.83050847 -2350219577.810344 -15005.814644444445 -0.5113372881355932 24179643.807457637
77518.57628813559 3939.084745762712 193738356.05084747 -2357519153.03284 -9017.767277777775 -0.4757661016949153 14348990.187966105
59030.93010169492 3888.661016949152 191815312.33898303 -2352917112.439321 -13523.982955555555 -0.4882440677966101 18784545.12186441
60992.92286440678 3885.322033898305 192663433.22033897 -2353621710.4531384 -12507.663844444443 -0.4720033898305085 17001175.352711864
54419.1492542373 3858.745762711864 194898208.3898305 -2351473542.233168 -11314.4402 -0.4884474576271186 17071831.607627116
62795.3367118644 3890.847457627119 192091048.2542373 -2353794927.5610085 -14011.402422222222 -0.5116050847457627 18879147.187796604
64023.31645762713 3901.762711864407 191774238.79661015 -2353812767.3919663 -14699.764933333332 -0.5154627118644068 20669249.02169492
79139.6598983051 3947.796610169492 191909286.76271185 -2358412638.274207 -11081.83871111111 -0.5036152542372881 15295646.62898305
41187.78530508476 3827.186440677966 195869145.91525424 -2345624069.68435 -14507.423866666666 -0.5073186440677967 26094006.82966101
41168.54130508475 3824.864406779661 194545133.8644068 -2345453006.878819 -14643.772755555556 -0.5184355932203389 26737911.095762704
47811.12033898305 3846.745762711864 192991404.27118644 -2348579608.6940966 -14552.117677777778 -0.5039033898305085 24101209.20254237
54383.94693220338 3868.576271186441 192972114.3220339 -2351387394.955192 -13569.10282222222 -0.4930627118644068 19634393.90355932
47831.082813559326 3859.271186440678 191879424.06779665 -2347369874.8422294 -15098.450322222225 -0.496935593220339 27595652.73491525
56052.89028813559 3878.576271186441 192782086.9661017 -2351559343.952609 -14558.500055555554 -0.518564406779661 21530523.87745763
41192.77779661017 3827.932203389831 195761547.30508476 -2345411377.8078694 -13399.21898888889 -0.5059254237288136 25147532.41949153
59788.69645762713 3895.864406779661 193614775.18644068 -2352441281.2251124 -15015.904255555555 -0.5131271186440677 21473241.128305085
46139.13120338984 3837.06779661017 192933736.1525424 -2347526571.447163 -15028.478322222223 -0.5106694915254237 25825204.891864404
51432.592322033895 3863.593220338983 192402207.20338985 -2349256912.2247744 -15512.61091111111 -0.5087474576271186 25546156.505932204
42846.62950847458 3824.254237288136 193781067.8135593 -2346165905.712751 -15000.4793 -0.5156813559322034 26480434.10830508
62920.0186440678 3892.186440677966 192699550.440678 -2354116052.3703194 -13523.294044444445 -0.5072661016949153 17878854.199322034
65879.60125423728 3910.661016949152 194472577.16949156 -2354717635.732335 -11521.856066666667 -0.4985457627118644 15114875.741355931
42569.797864406784 3826.4406779661017 193923905.22033897 -2346127915.4980464 -14538.20021111111 -0.5156457627118644 25693674.99186441
54423.85994915253 3868.898305084746 193899025.62711865 -2351348716.660704 -13591.727111111111 -0.4770389830508474 18706180.99762712
117553.20520338982 4015.406779661017 191139788.37288132 -2362524012.939204 -10652.056133333332 -0.503671186440678 17797267.98372881
52073.10850847458 3892.152542372881 194044407.94915253 -2349615630.9322066 -15509.08902222222 -0.5297966101694915 23633498.78135593
57680.13122033899 3877.508474576271 193904448.0338983 -2352623385.644453 -12196.115855555552 -0.4970067796610168 17008034.90881356
69247.46655932203 3895.152542372881 192935106.7288136 -2355871828.729614 -10954.603655555557 -0.4912288135593221 15195224.9079661
54443.45786440679 3887.830508474576 193995549.54237288 -2350257663.833846 -15508.40537777778 -0.5111762711864406 23235758.571864404
45836.66537288136 3831.847457627119 192891584.440678 -2347452786.977017 -14017.83418888889 -0.4916559322033898 24054890.8259322
47838.38372881356 3838.203389830509 195279456.93220335 -2348959565.013491 -12179.984422222222 -0.4718915254237288 19708773.799830515
39551.756 3824.101694915254 195072460.91525424 -2344284613.6013007 -14719.24921111111 -0.5229305084745762 28759663.951016948
47759.5913898305 3846.796610169492 193920601.7118644 -2348791458.593623 -14501.129755555556 -0.5009847457627119 22666580.25661017
47234.669779661024 3841.1186440677966 192903840.6610169 -2348375499.704767 -13512.09904444444 -0.4868254237288136 22339517.36338983
52648.02093220338 3854.5593220338974 192902775.45762712 -2350819000.2629685 -13022.922544444446 -0.481986440677966 19167638.71305085
45987.00052542372 3848.3050847457625 195767589.16949156 -2347998337.2133923 -14566.296533333332 -0.512642372881356 22934063.83406779
69189.30754237289 3919.101694915254 191989482.6610169 -2355907873.374547 -12118.087233333332 -0.4761983050847457 15879490.033559324
57118.06977966101 3873.762711864407 192667089.3220339 -2352307039.771241 -13551.70921111111 -0.4814457627118644 18758114.88728813
50844.22879661017 3847.101694915254 193967329.05084747 -2350204762.7767744 -13061.374077777778 -0.4927389830508474 18764395.03559322
#