62646.46484745762 3890.593220338983 192997442.8644068 -2354175697.108007 -12528.0629 -0.4938711864406779 16905562.903728813
47805.566067796615 3842.542372881356 194906164.7457627 -2349058838.1712565 -13857.260855555556 -0.5073779661016949 20693184.69847458
54449.88745762712 3861.915254237288 194595577.27118644 -2351038297.112208 -14051.762433333332 -0.499771186440678 19788372.004237287
59366.13103389831 3877.677966101695 194456627.7457627 -2353196344.462585 -12506.752544444444 -0.4814254237288135 16925994.792542372
47714.34542372881 3845.254237288136 192863676.0 -2348510129.1791115 -14518.253355555553 -0.5088610169491525 24148718.121186446
70397.1767118644 3922.830508474576 192785380.01694915 -2356422791.6791487 -11010.267799999998 -0.5041101694915254 15280732.17322034
65922.9433559322 3900.169491525424 191872069.0338983 -2354832505.2523184 -9212.167488888888 -0.4829440677966102 16190256.99661017
55400.860966101696 3864.5254237288136 193768384.7118644 -2351692385.4025235 -13004.039244444442 -0.4415271186440678 17813527.52881356
47803.14028813559 3846.084745762712 193640855.3559322 -2348764421.83394 -14566.767722222225 -0.5025542372881356 22291913.128135584
51149.45238983051 3853.847457627119 194208939.8983051 -2350362694.106207 -13538.895688888888 -0.5021474576271187 19456847.70830508
41231.48906779661 3818.4406779661017 195988346.8644068 -2345496887.720019 -13579.06182222222 -0.5124016949152542 25152122.109491527
57740.946033898304 3865.2203389830506 194831742.1355932 -2352437983.619976 -10056.091666666667 -0.4871779661016949 16138248.793220336
47766.83076271187 3836.254237288136 192913517.59322035 -2348667195.2294946 -14025.647777777778 -0.4992338983050847 22564488.660847463
49478.58344067797 3880.4406779661017 191993227.93220335 -2347879888.386697 -13702.871533333331 -0.5646322033898304 23382140.249661017
65472.22176271186 3898.779661016949 194620770.3559322 -2354743605.4848814 -11043.9726 -0.4879525423728814 15249902.39
54425.747508474575 3871.237288135593 192497297.30508476 -2351399889.650286 -14125.442177777775 -0.4986067796610169 20619162.197288133
39593.04411864406 3832.288135593221 195798220.3220339 -2344406267.2317724 -14570.241244444444 -0.5143762711864407 28661686.142372884
58924.947593220335 3892.796610169492 192697865.22033897 -2352481668.2695208 -14530.251955555555 -0.503164406779661 20517002.574406784
39572.219372881365 3833.203389830509 194464364.77966103 -2344083921.7605624 -14501.050644444444 -0.5221338983050847 29197629.052711863
44506.54323728813 3832.677966101695 193835109.77966103 -2347275526.8677306 -14132.219833333333 -0.5057457627118643 23157228.06915255
52773.378677966095 3872.271186440678 194819507.8983051 -2350055176.807009 -15040.981688888887 -0.5162694915254237 22540579.79084745
57520.15749152543 3873.898305084746 193708165.06779665 -2352090029.0128016 -14068.527711111112 -0.5009389830508474 19405435.76779661
113025.29920338983 4024.0338983050847 191168980.08474576 -2362520269.8445544 -7679.342755555555 -0.5079830508474577 16191757.51915254
54405.53733898306 3868.4406779661017 194351130.55932203 -2351326703.592499 -13662.67081111111 -0.4742576271186441 18826298.83067797
52741.49545762713 3852.8813559322034 192971072.45762712 -2350662989.0697985 -12849.405255555555 -0.4849966101694915 19647453.318474576
51146.39716949152 3841.35593220339 193675698.79661015 -2350286791.2147813 -12562.568855555555 -0.4908101694915254 18735785.893389832
44461.596254237294 3837.830508474576 192679553.2881356 -2346163110.0501447 -15014.439711111112 -0.5054525423728814 28180496.59067797
62576.5136440678 3887.864406779661 192499532.8135593 -2354200960.5416417 -10492.21831111111 -0.4910627118644067 16176568.043559322
51052.45859322035 3854.186440677966 192881468.83050847 -2350158824.4060254 -14009.52481111111 -0.5004237288135593 21284585.72016949
51046.75961016949 3867.3050847457625 191870866.33898303 -2349651223.098847 -14582.04174444444 -0.4968864406779661 23583407.885423727
45957.9272881356 3839.203389830509 194628746.47457623 -2348099500.7232094 -14544.907811111112 -0.5140372881355932 23290631.363898307
46161.0179322034 3835.152542372881 193787020.23728812 -2348193687.1873865 -14091.582855555556 -0.5062779661016948 22264762.960847456
51133.62988135593 3862.4745762711855 193993555.5254237 -2350021538.370127 -14040.506033333331 -0.4907491525423728 20654842.284406777
44545.123338983045 3836.0508474576272 193756484.6440678 -2347084265.584925 -15054.476466666669 -0.5068152542372882 25570932.80305085
63778.99169491525 3897.406779661017 193980287.5762712 -2354246423.882104 -10581.748077777778 -0.5080847457627119 15257902.750508476
69270.37561016949 3899.677966101695 192804924.8983051 -2355978882.785472 -10553.595444444443 -0.4991508474576271 15266074.706271186
65998.94127118644 3914.2203389830506 193839029.45762712 -2354735318.877967 -12701.00561111111 -0.4788847457627119 16105116.749491526
44542.52661016949 3836.101694915254 192712900.62711865 -2346352276.909883 -14608.994011111112 -0.4963593220338984 26848443.17661017
74098.5679661017 3920.288135593221 193740141.1186441 -2356668543.1303205 -8145.850433333332 -0.4820559322033898 14383598.348135592
67639.76332203389 3904.779661016949 192259481.2542373 -2355731692.2633457 -12039.881955555556 -0.4952237288135592 16119139.67322034
41246.60691525423 3827.0338983050847 194432430.33898303 -2345458240.641036 -14103.776566666666 -0.5114220338983051 25692766.565593224
70930.83454237289 3913.101694915254 194734534.40677965 -2355754598.493277 -8588.058422222222 -0.4636661016949152 14315752.024576273
48933.21327118645 3860.728813559322 191990712.23728812 -2348695713.275288 -14599.612511111112 -0.5088813559322033 24826704.61237288
52743.81993220339 3857.64406779661 194199291.62711865 -2350864070.4680324 -12501.75481111111 -0.4729661016949152 17851210.081525426
75876.27818644067 3929.64406779661 193669787.37288132 -2357116939.982645 -8720.349711111112 -0.4767881355932203 14346933.895423727
56046.01959322035 3886.491525423729 193855355.98305085 -2351860090.977184 -13559.023788888888 -0.491593220338983 18879805.74423729
61004.61225423728 3897.6949152542375 192539961.55932203 -2353244850.6620107 -14225.314611111113 -0.5000745762711865 19323757.673728816
120358.45325423728 3997.203389830509 191105610.1355932 -2362585035.3098764 -8845.525322222222 -0.5001966101694915 17392155.803050846
60701.57610169491 3897.338983050848 191374151.93220335 -2352777430.551611 -14519.921977777774 -0.5112542372881356 20545165.004576277
52627.00566101695 3855.152542372881 193476353.8983051 -2350937364.1778145 -13610.656266666663 -0.4945779661016949 19779382.135084745
52799.30583050848 3865.830508474576 191862620.06779665 -2350529039.667131 -14013.268000000002 -0.4916610169491526 21516159.28423729
64060.90420338982 3893.288135593221 192854351.6101695 -2354617056.922829 -11585.06631111111 -0.4863033898305084 16126870.480338983
62290.80645762711 3886.203389830509 193855644.1355932 -2353887835.488242 -12044.924755555556 -0.488428813559322 15959852.227457626
65048.923813559326 3904.288135593221 191918286.440678 -2354244425.7623515 -14001.202233333332 -0.5064254237288136 18688224.227457628
39571.95347457627 3833.288135593221 194939212.1016949 -2344182791.7391853 -14205.778744444442 -0.518642372881356 28618056.98118644
49054.20998305084 3846.016949152543 192995007.01694915 -2349289512.098307 -13612.4729 -0.4919305084745762 21543375.855423734
46181.80708474576 3835.864406779661 192909335.7288136 -2347575296.8336964 -14628.94607777778 -0.4964406779661017 24628113.32932204
42894.05693220338 3815.677966101695 194943738.18644068 -2346503603.542737 -14249.955055555554 -0.4968999999999999 24261860.164576277
53985.53262711866 3893.932203389831 194419218.0 -2349965270.155384 -15528.563066666664 -0.5110067796610169 23954976.66694916
46069.86713559322 3829.932203389831 193942670.6440678 -2348212656.662571 -13508.778977777778 -0.4950813559322035 21487304.56067797
46187.92493220338 3837.3898305084745 192779037.16949156 -2347496776.5230446 -15049.029255555555 -0.5054423728813559 26215655.95033898
67228.14145762712 3914.288135593221 191327276.88135597 -2353641332.406919 -15506.418077777776 -0.5104220338983052 23237906.65355932
72319.50245762712 3926.016949152543 194659723.7118644 -2356135591.6478834 -9383.136588888889 -0.4851983050847457 14383955.14423729
54334.27638983052 3872.9830508474574 191970354.8135593 -2350548190.280638 -15122.7914 -0.5120135593220339 24001872.353389837
50507.71545762711 3850.728813559322 192919822.18644068 -2349765197.2046456 -14566.767722222225 -0.5015440677966102 22323378.23305085
113707.67194915254 4008.915254237288 191117136.6949153 -2362536626.721588 -9508.326111111111 -0.5099169491525424 16974647.844745763
67360.10911864408 3905.06779661017 191954647.94915253 -2355537612.299589 -10560.02552222222 -0.4981711864406779 16045106.563898306
41233.287372881365 3826.457627118644 194941249.3559322 -2345489961.016958 -14737.862133333334 -0.5253033898305085 26865739.30237288
49243.63989830508 3861.203389830509 191987146.6440678 -2348891699.5251293 -14374.821333333331 -0.5016508474576271 24099426.630000003
54438.18891525424 3865.6949152542375 192929389.91525424 -2351576558.335972 -13083.270644444445 -0.4694084745762711 18609384.661525425
54406.53108474577 3855.796610169492 194545868.76271185 -2351463043.7214665 -10774.214133333331 -0.4771542372881356 17009820.14457627
70032.17488135594 3917.796610169492 191840484.8474576 -2356002666.1067767 -13019.472711111108 -0.4935949152542372 17073146.85677966
51095.51242372881 3856.237288135593 193948994.3559322 -2350330098.16596 -13406.119544444444 -0.4863762711864407 19448375.18084746
62348.22808474576 3899.508474576271 193787239.76271185 -2353864444.673516 -13598.033433333332 -0.4834 17878799.879661016
59128.38116949152 3874.830508474576 193994894.7457627 -2353109390.422374 -11114.532866666666 -0.4929186440677966 16140014.677288134
47773.01744067797 3856.288135593221 191986748.7288136 -2347744925.8004966 -14277.554277777775 -0.4890728813559321 25347956.976779666
41222.904847457634 3824.762711864407 195989887.2881356 -2345586295.4514074 -15000.058077777778 -0.5080813559322034 27074248.394915257
47835.06588135593 3856.237288135593 192336945.45762712 -2348207478.657621 -15033.633044444445 -0.5099406779661017 25820799.27932204
58768.60862711865 3884.152542372881 194912306.08474576 -2352599741.2770734 -13514.713155555555 -0.4909711864406779 17874338.86881356
65146.0619661017 3898.5593220338974 192724321.08474576 -2354888470.3585625 -13026.627544444444 -0.4861915254237288 16748051.79881356
114910.16244067796 4017.677966101695 191141722.1016949 -2362544279.8875256 -10067.808522222222 -0.5154440677966102 17446440.874237288
51083.89449152543 3866.813559322034 191921533.9661017 -2349820367.7052603 -13974.928366666669 -0.4885254237288136 22132983.4779661
52719.98535593221 3857.8813559322034 193978407.6440678 -2350952290.678524 -13000.862099999998 -0.4967779661016949 18603388.92779661
37949.31461016949 3846.186440677966 197678515.83050847 -2343176532.0618963 -14045.62951111111 -0.5222813559322034 30252930.04067797
49994.11286440677 3850.508474576271 192705510.79661015 -2348510657.94316 -15510.284511111113 -0.5141966101694915 25957776.65355933
47764.52127118644 3860.06779661017 191899634.88135597 -2347608659.8410225 -13848.71178888889 -0.4785711864406779 25098642.49491525
128587.48777966102 3998.4745762711855 191120365.01694915 -2362667130.953413 -10011.435988888888 -0.5079305084745763 18552107.70508475
49474.63391525424 3838.745762711864 193870618.8983051 -2349612482.3699646 -12514.152599999998 -0.4871135593220339 19328511.19457627
49495.102508474585 3842.084745762712 194292935.77966103 -2349753490.793816 -13182.2106 -0.4950711864406779 19625387.8659322
55185.61225423728 3875.0338983050847 192748022.22033897 -2351371621.935224 -14511.701911111108 -0.5067745762711864 21319051.603220336
54098.505322033896 3860.084745762712 193838033.7118644 -2351393937.943498 -12512.282577777778 -0.477186440677966 17534244.41084746
59321.77501694916 3891.6949152542375 192087196.91525424 -2352977043.3851924 -13541.734944444446 -0.4802830508474576 18698016.07050848
62565.8466440678 3885.6101694915255 195009007.8644068 -2353705288.0800734 -9213.092033333332 -0.4816237288135592 15128903.91220339
54448.58079661017 3873.542372881356 192853754.3220339 -2350854218.0944405 -15063.583533333333 -0.5092152542372882 23227973.183898307
62113.557779661016 3885.762711864407 191994270.3898305 -2353935762.6172066 -12007.861366666666 -0.4907050847457627 17053782.302542374
47804.08418644068 3862.661016949152 194783986.62711865 -2348478972.6179247 -15008.78822222222 -0.5081 23763302.33542373
59318.57369491525 3883.915254237288 191788918.05084747 -2353038498.4944324 -12069.117533333332 -0.467928813559322 17734895.66084746
54442.15033898305 3885.847457627119 194402613.47457623 -2350641800.6629105 -15137.25772222222 -0.5302101694915254 22097844.210338984
50866.07574576272 3849.576271186441 194233959.1016949 -2350212496.547082 -13215.764433333332 -0.4713203389830508 18627609.374237288
60385.27242372881 3887.4745762711855 192603503.88135597 -2353624158.148227 -12024.72112222222 -0.4874118644067797 17013269.113898307
51143.30416949153 3870.0 195081571.01694915 -2349472097.81275 -15068.999822222224 -0.5031372881355932 23041541.33169492
67569.68223728813 3917.152542372881 193813171.440678 -2355255960.593736 -11906.331455555552 -0.4916135593220339 15280085.895423727
59279.16191525424 3887.457627118644 194992343.6101695 -2353004494.0217667 -11731.287144444446 -0.4871525423728813 16180613.73254237
47634.96472881355 3838.237288135593 193900867.7457627 -2348884287.997972 -14016.727122222224 -0.4966576271186441 21422204.593050845
54018.87089830508 3885.254237288136 194489247.77966103 -2350485927.279691 -14535.615488888889 -0.514706779661017 21375868.94271186
55721.97486440678 3870.9661016949153 192824155.9661017 -2352009640.5883813 -12145.239611111112 -0.4667728813559322 17790124.889830507
64070.83630508475 3898.898305084746 191713931.22033897 -2354102225.190151 -14003.703033333331 -0.5123610169491525 19771843.680338982
67445.41718644068 3896.338983050848 192877611.8474576 -2355309929.770038 -9501.446466666666 -0.4864796610169491 15193485.669152545
54396.31772881356 3863.796610169492 194272849.94915253 -2351484910.9689984 -13019.149277777777 -0.4769237288135593 17926728.852711864
49455.38433898306 3861.898305084746 191843525.5762712 -2348292187.592106 -15011.571811111113 -0.5016661016949153 26385351.399322037
60801.09840677966 3881.593220338983 193763665.16949156 -2353524242.0911875 -11534.705477777776 -0.496971186440678 16153419.67016949
61001.43259322035 3893.9491525423728 191799079.3220339 -2353502440.1072674 -13033.722688888887 -0.4473101694915254 17913781.1420339
52776.72698305085 3883.898305084746 194572123.440678 -2349690483.3816714 -15512.58121111111 -0.5298661016949153 24342158.628644068
37940.06449152542 3839.4406779661017 195829217.16949156 -2343083518.1255226 -14826.373755555554 -0.533335593220339 31277982.86491525
61038.65437288134 3894.3050847457625 191605801.1186441 -2353355778.9396205 -13561.568711111113 -0.476957627118644 18808137.34118644
51129.13257627119 3863.0508474576272 191943543.47457623 -2349625495.3546352 -14037.212166666668 -0.4809491525423728 22547916.71305085
54669.58689830508 3875.06779661017 192843930.23728812 -2350259902.8979883 -15510.284511111113 -0.5372 25016127.236271188
41233.95338983052 3833.8813559322034 193876054.33898303 -2345078665.713999 -13998.823377777777 -0.4939983050847457 26285036.82694916
56969.00518644068 3909.271186440678 194509697.4915254 -2351010118.933781 -15568.897222222224 -0.5289508474576272 22900134.09135593
135213.2344237288 3998.135593220339 191097139.6101695 -2362540302.95308 -10577.765322222222 -0.5024271186440677 19091071.293898307
68878.33752542373 3919.9830508474574 192862102.9661017 -2355830531.408631 -12659.039188888888 -0.4786762711864407 16183102.131694917
42889.96537288136 3837.406779661017 192895248.59322035 -2345297637.447141 -14927.470722222222 -0.504242372881356 29335571.805423737
70287.19111864407 3905.5254237288136 191950959.83050847 -2355377566.18946 -7519.37612222222 -0.4788406779661017 15219507.59101695
123489.92555932202 3997.9661016949153 191104849.62711865 -2362582603.898812 -9426.633955555557 -0.5019423728813559 17834518.13576271
55732.33715254237 3872.288135593221 191798004.76271185 -2351681570.6117334 -14021.661511111111 -0.4986084745762711 20549839.447966103
57792.09 3908.728813559322 194696891.6779661 -2351542999.969374 -15008.308266666669 -0.5100813559322034 21548410.45728813
42862.402881355934 3827.593220338983 193866152.7288136 -2346317027.618448 -14044.899599999995 -0.4990322033898305 24368357.94237288
73097.5075762712 3928.271186440678 191955629.30508476 -2356999605.559032 -10960.039155555554 -0.5024576271186441 15263628.90322034
52614.9459661017 3869.5593220338974 191863255.16949156 -2350304892.438989 -14626.349944444444 -0.4960745762711864 22970667.593898304
62473.41298305085 3907.186440677966 191873921.91525424 -2352249688.648883 -15561.891177777776 -0.5064966101694915 24080851.368644062
39530.254881355926 3822.457627118644 195530046.7118644 -2344365076.623533 -14014.3397 -0.5176220338983051 27610193.199322037
54749.19205084745 3872.322033898305 191995581.2881356 -2351192880.9594474 -14545.13523333333 -0.5045203389830508 22166569.7040678
56187.436271186445 3870.64406779661 193626745.91525424 -2350277336.536293 -15528.165855555557 -0.5023186440677966 24061439.890847456
44522.54372881356 3832.4745762711855 194592856.4915254 -2347457971.7479067 -13556.588955555557 -0.4923762711864407 22312067.578474578
78861.5986779661 3951.101694915254 192635748.6949153 -2357883326.904526 -8002.506888888888 -0.5040966101694916 14334033.786779664
42895.11620338982 3824.847457627119 193803938.77966103 -2346320988.9070363 -13878.943433333334 -0.5112050847457627 24185508.38847458
49492.07605084746 3845.508474576271 192942245.06779665 -2349498464.484365 -14093.6575 -0.4994728813559322 22091399.92779661
52788.487186440674 3848.5254237288136 193805727.20338985 -2350773409.870887 -11089.673311111112 -0.4930033898305085 17826237.567118645
60623.80147457627 3893.932203389831 191369257.18644068 -2352499125.564196 -15017.472944444444 -0.5144745762711865 22044326.3440678
55497.44845762712 3877.35593220339 191980937.1525424 -2351827137.217097 -13533.88568888889 -0.5111338983050847 19791288.4838983
60915.6805762712 3880.932203389831 191697315.37288132 -2353345535.2126093 -10084.425833333333 -0.473564406779661 17080367.341016952
118610.12962711864 4012.4745762711855 191143055.54237288 -2362560527.845281 -10516.058633333334 -0.5175203389830508 18088565.40169492
68742.86196610169 3904.728813559322 191593070.3220339 -2355880803.5231013 -12333.65731111111 -0.4595423728813559 16067945.941525426
42806.83730508474 3836.813559322034 194946718.7457627 -2346530454.3170605 -14504.032988888888 -0.5173084745762712 25057406.64508475
45978.48954237288 3833.084745762712 192857201.05084747 -2347590079.074754 -14130.45131111111 -0.4975271186440678 24213600.66372881
56495.937135593216 3880.016949152543 191994754.33898303 -2352095554.176927 -13059.169411111108 -0.4768525423728814 18844193.218135595
63866.99681355932 3906.491525423729 193226914.62711865 -2353548250.293891 -14075.633977777778 -0.5051745762711864 18777100.554745764
67357.92859322033 3899.101694915254 191953111.01694915 -2354935618.3234715 -8328.09961111111 -0.4908762711864406 15493804.663050847
42412.19877966102 3826.4406779661017 193868516.55932203 -2346048891.407485 -14522.736044444442 -0.5160949152542373 25620076.421525422
48852.66120338983 3859.627118644068 192725617.8983051 -2347904566.8124294 -15505.012922222222 -0.5108203389830509 26694135.843389835
60753.09752542371 3885.830508474576 194565834.05084747 -2353352650.948029 -12296.27152222222 -0.464071186440678 16165823.712542372
40896.00689830509 3824.779661016949 194486291.22033897 -2344966645.518151 -15033.382555555552 -0.5087271186440677 28189811.253050853
52768.96240677966 3871.847457627119 191798124.47457623 -2348007985.837396 -15520.702266666667 -0.4950067796610169 28343530.99237288
57663.69522033899 3885.203389830509 191739765.8474576 -2351789855.7817283 -15022.753022222225 -0.5110084745762712 22971581.06881356
42813.32308474575 3826.779661016949 193905130.05084747 -2345997355.6345887 -15053.895266666666 -0.5028101694915255 26782920.741694912
54421.23477966102 3868.813559322034 191912553.6610169 -2351241265.030606 -13689.115277777775 -0.4968508474576272 20556439.774576277
59248.503762711865 3869.169491525424 192946013.27118644 -2353090945.772406 -11688.710177777775 -0.4823779661016949 17032841.132372882
42891.331254237295 3825.152542372881 195722725.93220335 -2346566281.460185 -13555.268888888888 -0.4862559322033898 23380984.191186443
67235.58410169493 3911.254237288136 191965615.37288132 -2354960505.347023 -13521.428044444445 -0.5074627118644068 17993495.740847457
59029.51477966102 3888.847457627119 192157641.47457623 -2352998590.5720525 -13115.977955555556 -0.4486728813559322 17974677.84813559
44491.219322033896 3834.508474576271 193855455.59322035 -2347297341.268636 -14518.253355555553 -0.5108542372881356 24148360.40050847
51116.74979661017 3848.9830508474574 192969741.33898303 -2350230181.89718 -13516.686266666664 -0.495257627118644 20600428.90525424
56095.56694915254 3865.135593220339 193831514.16949156 -2352029108.56676 -12164.4051 -0.4768694915254237 16989439.403728813
71942.42315254237 3923.6949152542375 191823803.55932203 -2356515785.973983 -9786.8222 -0.5022983050847457 15268985.1379661
49494.27647457628 3847.677966101695 193853706.1525424 -2349710149.906077 -13513.18561111111 -0.5008661016949152 20001771.0538983
54406.21150847458 3865.0338983050847 191917911.1186441 -2349379651.8416195 -15510.284511111113 -0.5082 26054637.94830508
47347.337474576285 3843.677966101695 193517334.1355932 -2348377801.198822 -15006.182155555554 -0.511757627118644 25016235.56644068
50678.73654237288 3866.406779661017 191903054.40677965 -2349304950.8474817 -15015.013344444444 -0.5090932203389831 24939256.898305085
40255.9073220339 3834.9491525423728 193954611.5762712 -2344472555.628516 -14541.6048 -0.5055457627118645 28390961.284576274
57608.34308474576 3875.203389830509 192305876.77966103 -2352612258.6812887 -12864.154055555557 -0.4719508474576271 17985529.351355936
62903.2274915254 3925.1186440677966 192739214.8983051 -2352606889.28164 -15502.241 -0.5169813559322034 23207624.52949153
58226.88235593221 3891.779661016949 191970343.05084747 -2351015919.7443004 -15507.30962222222 -0.522686440677966 25118793.725593224
60851.85166101696 3884.016949152543 193973240.16949156 -2353419009.1910963 -13004.702766666664 -0.4899288135593221 16853528.6
65449.07161016949 3900.406779661017 191800339.33898303 -2354930664.0979967 -12654.388933333332 -0.4777864406779661 17093603.909491524
58270.16261016949 3899.576271186441 192682136.16949156 -2351453965.0085635 -15573.195744444442 -0.5197271186440678 24022063.40728813
63967.04420338984 3898.9491525423728 192769178.6610169 -2354406312.613285 -13672.651122222222 -0.4997101694915253 17906010.815593224
73330.32966101695 3934.2203389830506 194268543.62711865 -2356403321.29433 -9520.445166666665 -0.4888610169491525 14381824.007966105
57711.296 3899.457627118644 193967143.94915253 -2351361710.063734 -15035.13752222222 -0.5157694915254237 21739025.279152542
51126.978152542375 3866.9830508474574 192678547.6779661 -2349727539.5352054 -15045.366677777776 -0.5128152542372881 23989027.202372883
47801.26776271186 3834.8813559322034 193936581.79661015 -2349019344.798048 -13424.250677777778 -0.4977745762711864 20543040.75355932
46972.576 3860.338983050848 191985192.0 -2347162204.654778 -14536.17482222222 -0.4875508474576271 26819537.03525424
63567.856779661015 3899.457627118644 191342843.4237288 -2352637532.5186048 -15513.78167777778 -0.5067762711864408 23990071.21881356
54389.793677966096 3864.593220338983 192769833.83050847 -2351437659.873698 -13623.86371111111 -0.4978627118644068 19686227.007288136
#