52721.12347457627 3856.322033898305 193946180.8135593 -2350934168.67875 -11710.552877777776 -0.4887762711864407 17979469.82338983
47791.6816440678 3838.593220338983 194880497.8983051 -2349049588.1007686 -13673.171344444443 -0.4907779661016949 20522826.607288137
51036.294881355934 3854.9830508474574 192805071.05084747 -2349670236.150239 -15018.416277777776 -0.5214966101694916 23904779.051694915
57737.76038983052 3894.271186440678 191797349.59322035 -2351811307.417191 -15031.028311111111 -0.5197237288135593 22595177.326949157
57591.18825423728 3870.542372881356 192899518.6101695 -2352644580.0756946 -12504.30202222222 -0.4906542372881355 17911450.58237288
56053.41710169492 3858.593220338983 192927842.3898305 -2351956472.0910587 -11135.899666666664 -0.483293220338983 17903363.45779661
52582.08350847458 3869.288135593221 191964685.1355932 -2350412371.47241 -14511.340788888889 -0.5004796610169492 22454017.80118644
62657.18933898304 3893.762711864407 192778507.45762712 -2354351213.4210463 -11052.480222222222 -0.4982271186440677 16082274.073728817
67536.3013898305 3912.0338983050847 191744985.45762712 -2355431924.203088 -13006.814855555554 -0.4781627118644068 17056295.74661017
64157.85750847457 3893.627118644068 192489363.98305085 -2354581790.492969 -11643.597499999998 -0.4901389830508474 16052230.415423729
51093.4533559322 3859.915254237288 192603856.40677965 -2349979599.275925 -14504.484255555551 -0.5082118644067796 22830180.735932205
56012.34120338984 3866.3898305084745 192884006.6779661 -2352044220.618418 -13112.01722222222 -0.4997728813559321 18766752.729322035
56071.9187118644 3871.2203389830506 191891751.1186441 -2351914029.1695266 -13505.497988888888 -0.4971610169491525 19741227.40423729
59328.561847457626 3876.898305084746 193118732.94915253 -2353217343.8712406 -13027.62568888889 -0.4978 17996356.782881353
51146.70206779661 3846.0508474576272 194750864.47457623 -2350334472.4550123 -13046.565833333334 -0.5001762711864406 18837722.499152545
54425.87286440677 3858.864406779661 192969520.01694915 -2351520545.818523 -13158.031599999997 -0.4936593220338983 19332246.753898304
60806.94279661017 3886.661016949152 192807895.23728812 -2353735079.9377933 -13013.584022222223 -0.5033728813559322 17930640.311186444
95667.78635593218 3950.4745762711855 190996906.6949153 -2358596249.549237 -10588.83661111111 -0.4649627118644068 17939235.24864407
52793.8022881356 3857.169491525424 192665146.7288136 -2350892022.627092 -13568.021722222224 -0.5114135593220338 20413462.56779661
52445.24703389831 3866.338983050848 192697168.76271185 -2350359131.862623 -15026.16778888889 -0.527450847457627 23074392.933050845
64009.4933559322 3887.0508474576272 194645507.3559322 -2354387277.5378566 -10523.772755555554 -0.4928203389830508 15289111.066271184
90684.45220338982 3946.915254237288 190999096.1186441 -2357633136.8976297 -12562.118644444445 -0.4713271186440678 19108919.086271185
46192.358016949154 3832.898305084746 194761406.6779661 -2348330447.784938 -13672.159244444443 -0.4908101694915254 21336530.93084745
62050.62847457628 3871.271186440678 193997691.4915254 -2354137332.3269653 -12070.521166666667 -0.4904355932203389 16165466.242542371
45925.33822033898 3833.271186440678 192993514.4237288 -2347533164.8090563 -14555.93591111111 -0.5071661016949153 25188781.8481356
69121.57105084746 3915.4745762711855 193880449.88135597 -2355819421.914624 -11018.58902222222 -0.5007525423728814 15255905.258474572
56066.228711864416 3871.6101694915255 193692089.1525424 -2351796104.645055 -14010.461344444446 -0.503664406779661 19428494.144915257
55797.03942372882 3865.864406779661 193231486.98305085 -2352084154.423121 -12566.371077777776 -0.4857542372881356 17644523.707288135
47125.12710169491 3843.152542372881 193373156.83050847 -2348237918.9308066 -15011.95393333333 -0.5108745762711865 25174459.890338987
39597.82866101695 3820.508474576271 195842417.5762712 -2344421561.630659 -14669.159833333337 -0.5296135593220339 28662757.77559322
164841.40259322035 3998.3050847457625 191114507.76271185 -2362570231.378208 -11209.84922222222 -0.4777762711864406 21069650.33474576
56098.47494915255 3868.254237288136 194753361.6440678 -2352053705.61712 -12058.349144444444 -0.5146067796610169 17059980.59355932
54295.42276271187 3870.677966101695 191796904.27118644 -2351122229.164469 -13505.034388888887 -0.4885406779661017 20622948.689830508
69266.80279661017 3926.728813559322 191752252.5084746 -2355344536.7638025 -14075.573044444442 -0.5141881355932203 18824193.243728817
54432.96274576272 3872.6101694915255 192333699.6101695 -2351357002.956673 -14065.014977777775 -0.5034559322033898 20652180.566949155
51097.40755932204 3864.288135593221 192837482.20338985 -2348347508.60874 -15507.339322222222 -0.4979813559322033 26636536.1820339
51035.72784745762 3858.288135593221 194854699.6101695 -2350245732.1916103 -14063.35631111111 -0.4943338983050848 20547276.7079661
44547.18901694916 3836.3050847457625 194967748.79661015 -2347545786.942208 -14406.726411111107 -0.4979152542372881 23321361.29627119
44476.4116779661 3840.423728813559 193815668.7457627 -2347284193.202375 -14476.500955555552 -0.5102288135593219 24257610.168474574
41079.75349152543 3830.186440677966 193957615.1525424 -2344983186.010948 -14278.1725 -0.5093881355932203 27173163.13559322
101938.25854237286 3961.3898305084745 190992220.16949156 -2359317039.7186346 -7103.275955555555 -0.4560593220338982 17083396.548305087
64336.36727118644 3909.6101694915255 192270289.06779665 -2354137133.13031 -14040.265855555554 -0.5082338983050848 18729400.35016949
65987.58162711863 3908.5593220338974 192211238.27118644 -2355197637.5424123 -12206.492177777776 -0.4726999999999999 16140280.236101696
42897.38391525423 3827.237288135593 194526010.8644068 -2346446396.015202 -14503.349133333331 -0.5107372881355932 25101066.302711863
53868.583305084736 3871.9661016949153 191949712.5762712 -2350546958.844481 -15045.685788888888 -0.5126389830508474 24096448.58779661
42889.07416949153 3824.322033898305 194791174.08474576 -2346474842.417242 -13528.259811111113 -0.4957 23315233.1061017
61028.57099999999 3894.762711864407 192820313.5084746 -2353884219.753216 -12258.769911111109 -0.4980491525423729 16857895.79440678
51141.40108474577 3868.661016949152 191927675.3220339 -2349637917.561202 -14596.513733333331 -0.5064338983050847 23760683.295932204
44422.90247457627 3866.1186440677966 192986058.40677965 -2345668997.566631 -15037.89192222222 -0.5800338983050848 27766906.154576268
44546.09805084747 3830.915254237288 193900904.6101695 -2347295541.851839 -13812.058733333331 -0.504393220338983 22964559.02372881
48760.04457627118 3859.423728813559 191978978.4237288 -2348508714.162982 -14006.153644444445 -0.4920067796610169 23910429.86644068
52567.57862711864 3862.661016949152 194382688.5762712 -2350774055.1497803 -13521.242911111112 -0.5057016949152542 18701765.34966102
57741.84869491525 3873.016949152543 193706259.8983051 -2352692240.527104 -12307.461533333331 -0.4958118644067796 17079630.06576271
92361.58891525422 3941.084745762712 190948101.93220335 -2356866121.342118 -13476.10012222222 -0.4716915254237288 20685940.348305088
46197.56427118645 3842.9491525423728 194302303.3898305 -2348162213.917662 -14504.523044444442 -0.5087508474576271 23256969.827457625
39282.97388135594 3825.457627118644 195680143.08474576 -2344202165.8962803 -14037.3196 -0.5237915254237289 27843918.180000003
52133.82062711864 3863.593220338983 191986240.0338983 -2350370877.171572 -14023.102977777777 -0.4981338983050847 21577492.44610169
45742.36554237288 3831.779661016949 192983941.18644068 -2347343080.0647564 -15040.68977777778 -0.5074728813559322 26313593.089491528
74224.12471186441 3941.338983050848 192481354.7457627 -2357310783.118726 -11116.050366666666 -0.5042694915254237 15242544.577288136
47738.34194915254 3857.372881355932 191946377.4237288 -2347712069.4928174 -14075.163811111111 -0.4788728813559322 24960161.18101695
49490.4343559322 3863.64406779661 191958217.88135597 -2348842032.7302165 -14655.067788888888 -0.5066593220338984 24826744.69220339
49488.98833898305 3854.237288135593 191971844.4237288 -2348177609.726188 -15243.840888888888 -0.5081491525423728 26595960.5359322
60156.38932203389 3886.4745762711855 191801109.16949156 -2353391758.842532 -12528.871411111111 -0.4960508474576271 17919872.981864408
52536.08571186441 3874.4745762711855 194146138.9661017 -2350260681.0490656 -14563.695166666668 -0.5087847457627119 21307016.54440678
113356.01011864407 4022.847457627119 191127823.7118644 -2362576182.410644 -9538.667422222225 -0.5194254237288135 16967264.618305083
44496.947118644064 3839.4406779661017 193761361.83050847 -2347263535.281898 -14560.144044444443 -0.5137677966101695 24454985.572711863
47542.68955932204 3823.0338983050847 194276416.20338985 -2348932353.497448 -14045.652655555554 -0.4956694915254238 21325093.77135593
49475.45822033898 3849.186440677966 193686672.0338983 -2349340176.626004 -14620.715677777778 -0.4945644067796609 22410048.456949152
59235.76574576271 3883.813559322034 193869722.440678 -2352890316.628093 -12660.551099999995 -0.471422033898305 16867031.7420339
59360.76194915256 3892.3050847457625 192351247.01694915 -2352840570.2659955 -14019.6581 -0.510771186440678 19375651.026440676
44456.21801694915 3837.508474576271 192967081.6440678 -2346291114.555143 -13706.817744444445 -0.4936016949152543 25854276.03932203
45894.58328813559 3834.8813559322034 193897141.7457627 -2348064409.8471584 -14005.038966666663 -0.4901203389830508 22261964.10610169
44543.973762711874 3834.457627118644 194804231.1016949 -2347503076.534687 -13587.442133333332 -0.4953271186440678 22327988.38254237
65727.66144067796 3898.3898305084745 194607435.8474576 -2354883314.11422 -11032.907955555556 -0.4781169491525424 15273150.372542372
93585.28783050847 3945.5593220338974 190996619.20338985 -2358092829.141887 -12191.983555555556 -0.4706372881355932 18802012.88491525
47817.384762711874 3838.762711864407 195171982.47457623 -2349091254.507396 -12415.688099999998 -0.4758559322033898 19744905.20355932
70600.97338983051 3930.06779661017 191621973.440678 -2356042010.004616 -13503.715922222222 -0.5047796610169493 17791545.30661017
47846.11727118644 3845.2203389830506 192994228.08474576 -2348698237.1027794 -14174.738811111112 -0.4999305084745762 23158602.627288133
56948.738389830505 3871.6101694915255 192608882.8474576 -2352380722.440643 -13604.56318888889 -0.5083949152542373 18722088.35847457
47259.49715254236 3838.135593220339 193979577.8135593 -2348489083.7285094 -12322.648933333332 -0.4817966101694915 20528974.183220334
49442.8205762712 3850.457627118644 193989571.0 -2349706930.292528 -13612.38151111111 -0.4962966101694915 20172508.68881356
67512.77971186441 3899.084745762712 192822511.5084746 -2355530755.0095587 -9700.321488888889 -0.490935593220339 15176001.892542372
46171.00705084746 3837.728813559322 193992952.6610169 -2348110411.199764 -13085.441544444444 -0.4802677966101695 21437093.133559324
65971.76857627119 3890.423728813559 193934477.20338985 -2355108201.4675736 -10679.992144444444 -0.4900152542372881 15269100.348644068
59143.169949152536 3874.728813559322 191901339.0 -2352905799.9279737 -11586.824077777776 -0.4806067796610169 17867233.412542373
58789.32183050848 3900.8813559322034 192816492.8644068 -2351826245.341093 -15517.722644444442 -0.5231322033898305 23235491.184576277
54423.925627118646 3855.338983050848 193952802.45762712 -2351607881.85942 -12445.8847 -0.4846525423728814 17897525.427627116
42838.19384745764 3824.6101694915255 193911709.8983051 -2346165672.773961 -13510.454133333333 -0.5084152542372881 24138846.931355927
52778.09061016949 3859.593220338983 193773149.16949156 -2350859581.841985 -14027.025266666666 -0.5001203389830509 20499938.35440678
49109.33642372881 3836.169491525424 193942313.22033897 -2349573817.708708 -13277.090133333331 -0.4978186440677966 19770018.895423733
57743.06166101695 3896.3050847457625 193853558.0338983 -2351768860.585348 -14574.82901111111 -0.5115559322033899 20189286.50474576
69241.48654237289 3924.016949152543 192526692.08474576 -2355725077.450465 -12521.20291111111 -0.478893220338983 16151625.302542374
62482.74998305084 3893.576271186441 191850016.8644068 -2353899653.9295096 -13545.51871111111 -0.5105016949152543 18868791.28661017
47819.41662711864 3862.3898305084745 192373023.22033897 -2346995599.1830373 -15509.26392222222 -0.5098355932203391 28204263.8120339
44500.523813559324 3846.627118644068 194048056.30508476 -2345569804.540201 -15509.26392222222 -0.4998118644067796 28296661.988644067
59078.80625423729 3874.762711864407 194963099.4915254 -2352792902.048684 -11642.085233333331 -0.4739118644067795 16094020.051525423
46188.21752542373 3834.0 192964018.77966103 -2347751697.057965 -14400.768966666665 -0.4981135593220339 24273238.214915257
45963.90589830509 3845.728813559322 194699985.8135593 -2346868571.636676 -15507.339322222222 -0.5026389830508474 26738125.12864407
39391.44545762712 3855.237288135593 195618232.88135597 -2343628125.442357 -15042.072633333331 -0.536128813559322 30841930.37135593
54393.8396440678 3857.35593220339 192568264.98305085 -2351460557.2934794 -12522.952466666666 -0.4685203389830508 18613592.304745764
54327.94776271187 3866.9661016949153 191992365.8135593 -2351217228.787903 -12332.0832 -0.4831661016949152 19693521.87220339
50941.98588135594 3841.186440677966 193811951.93220335 -2350230030.212173 -12538.795666666663 -0.4951694915254237 18719927.61932203
41240.491 3825.4745762711855 195998320.08474576 -2345674329.3722243 -14156.208033333334 -0.4978474576271186 25361393.38288136
59351.9423220339 3875.016949152543 192846454.47457623 -2353230863.086821 -11328.079777777775 -0.4871661016949152 17050684.497457627
72048.69645762711 3929.0338983050847 193618941.7288136 -2356538857.288843 -11538.2259 -0.4841949152542373 15162238.792881357
37927.92510169492 3829.745762711864 196984719.08474576 -2343282956.9540224 -14450.613066666669 -0.5448694915254237 30536902.33423729
62659.33491525424 3900.593220338983 191593188.93220335 -2353477638.402832 -14609.76481111111 -0.5158440677966102 20307694.97423729
62368.14166101694 3885.271186440678 192637942.76271185 -2353999195.478677 -12535.889511111112 -0.4778033898305084 16927736.01084746
54113.14423728813 3853.5254237288136 195369804.4237288 -2351323429.3857584 -11577.602844444446 -0.4610101694915253 17036887.491694916
64341.87223728813 3886.254237288136 193938106.93220335 -2354483833.3632164 -9734.862388888889 -0.4883338983050848 15291313.33237288
47145.288237288136 3839.728813559322 193887689.6779661 -2348528520.4403124 -14505.913344444443 -0.5177033898305085 23172263.15271187
47565.38277966101 3850.813559322034 193998066.77966103 -2347281735.882562 -15516.568777777778 -0.5059152542372882 26932370.18932204
62624.96625423728 3898.288135593221 191892425.22033897 -2354088879.696273 -13199.569633333333 -0.4865101694915255 17825218.448813558
62066.80501694914 3910.542372881356 193646549.0 -2353393099.5593367 -14045.105266666667 -0.483057627118644 18808484.842542373
50990.56320338983 3877.237288135593 194225100.30508476 -2348995713.160659 -15564.029777777776 -0.5310372881355933 24943948.293050848
42327.175966101706 3829.508474576271 193910584.6949153 -2345848023.838775 -15044.138611111111 -0.5168644067796611 27006665.99101696
51145.79091525424 3850.5593220338974 192865389.30508476 -2350179345.246039 -13152.66457777778 -0.4878559322033898 20588187.522033896
44404.91847457627 3833.35593220339 194859009.59322035 -2347416668.367636 -14529.84671111111 -0.5051169491525423 23909723.42491525
60800.43389830509 3895.9661016949153 192310293.8474576 -2352710787.255463 -14518.057366666666 -0.5019237288135594 19922005.72338983
49213.47530508475 3845.6949152542375 192957771.20338985 -2349426897.152804 -13605.006011111112 -0.4958627118644067 21518520.71508475
59094.76572881357 3878.813559322034 193879172.27118644 -2353074042.67032 -11076.621233333331 -0.5073610169491526 16176379.048305085
41237.53545762712 3826.06779661017 194806488.6779661 -2345417128.5020733 -15027.746444444443 -0.5185559322033898 27209941.44593221
50695.55405084746 3867.6949152542375 191938950.7457627 -2349325625.207027 -15015.013344444444 -0.5091542372881355 24944339.595932204
59066.51925423729 3890.186440677966 191666948.0 -2352227506.0555096 -15014.273577777778 -0.5234 22278823.761525422
60515.87179661018 3888.8813559322034 191997405.6610169 -2353300166.1620545 -14037.974566666664 -0.5178118644067796 19701241.749661017
57057.68354237288 3873.084745762712 194886309.8644068 -2352225343.864141 -12574.8232 -0.4709525423728813 16884280.446610168
53316.32252542374 3875.0508474576272 192474377.01694915 -2350825386.918911 -14549.093477777777 -0.5139932203389831 21439580.97101695
42793.2599322034 3835.4745762711855 193974801.47457623 -2346235461.899732 -14117.433266666663 -0.5034627118644068 24974370.1440678
44387.62410169491 3836.847457627119 192983744.2542373 -2346080833.2360764 -14067.961766666667 -0.4819186440677966 26520932.45474577
53440.70498305085 3867.016949152543 193694710.76271185 -2351068360.443703 -13560.697533333332 -0.4881508474576271 18883453.61372881
47804.47161016949 3841.0338983050847 193851367.30508476 -2348970716.556185 -13565.719177777775 -0.4863474576271187 20781986.589491524
67621.65789830509 3902.135593220339 192869395.7118644 -2355627014.2407207 -10132.23287777778 -0.4943033898305084 15253153.252542373
65943.14849152543 3900.542372881356 192690683.98305085 -2354910768.5154724 -8912.3455 -0.496864406779661 15286968.439491523
61028.77844067796 3902.508474576271 195447768.3220339 -2352711413.230329 -14131.925599999997 -0.4625033898305085 18440434.46135593
60823.572423728816 3892.9491525423728 195314945.4915254 -2352885442.892771 -13521.395622222222 -0.4672491525423729 17962098.786440674
57069.58784745764 3885.745762711864 191948597.7118644 -2351854959.104212 -14537.931599999998 -0.5129389830508475 21231005.196779665
47848.72945762712 3845.796610169492 192837696.1016949 -2348528485.106532 -14523.408077777778 -0.5058237288135593 24257380.64355932
65910.4097457627 3915.71186440678 194802886.18644068 -2354861278.1082096 -12613.496033333337 -0.4727949152542373 16015281.41644068
63872.026 3904.745762711864 195369307.4237288 -2354125862.691471 -12552.292655555551 -0.4650508474576271 16186471.399830507
78979.26116949152 3947.169491525424 192977154.8644068 -2357819576.931005 -8502.74481111111 -0.481828813559322 14322861.759661015
56022.58438983051 3872.830508474576 191959512.01694915 -2351809963.957146 -14002.2144 -0.4995728813559321 20369689.238983054
62259.01432203389 3896.813559322034 194881744.40677965 -2353547168.9321256 -13058.180644444445 -0.4915389830508474 16905675.311525423
49292.00345762711 3859.135593220339 191956676.7118644 -2348758093.980964 -13630.253366666666 -0.4915067796610169 23140762.338813554
124501.88988135594 3998.576271186441 191088093.2542373 -2362610396.55651 -9622.584044444442 -0.5037898305084746 17871357.903559323
75838.62674576271 3937.6101694915255 193832387.6949153 -2357063378.204533 -8538.238855555555 -0.4837847457627118 14344254.737966103
62585.39493220339 3900.9661016949153 193214543.22033897 -2353972638.8185782 -13502.090755555557 -0.5014389830508474 17842554.178813558
62491.47281355932 3905.813559322034 191913516.9661017 -2352728863.7967124 -15521.899722222222 -0.5243033898305085 23189306.970677976
62538.34962711864 3904.745762711864 193276675.54237288 -2353129218.1643357 -15000.518344444445 -0.5073440677966102 21400386.42474576
70193.7917457627 3917.101694915254 191933553.08474576 -2356163965.3888965 -9233.994155555554 -0.495857627118644 15285954.285254238
37943.47213559322 3837.64406779661 195994046.6949153 -2343083014.561797 -14746.618033333332 -0.534 31247318.09711865
50876.80774576272 3867.237288135593 194476829.40677965 -2349617852.866725 -15011.441644444443 -0.5196474576271187 22622922.20135593
47654.71089830507 3842.728813559322 192932573.8474576 -2348548104.402582 -13551.753599999998 -0.4934084745762712 22478154.453050848
56058.50040677967 3863.915254237288 193717916.22033897 -2351959038.372368 -11005.831366666664 -0.5067949152542373 16865048.47966102
130165.14279661018 3999.338983050848 191089781.6949153 -2362576469.572069 -10555.955566666666 -0.5123508474576272 18801841.173050847
48596.32208474576 3848.915254237288 193893203.5762712 -2347916223.22194 -15521.810666666666 -0.5030542372881356 25999861.08508474
46186.594728813565 3843.779661016949 194574411.5084746 -2347976873.694633 -15039.536377777777 -0.5095169491525424 24624757.67322034
42878.17957627119 3830.796610169492 194963190.98305085 -2346551938.186535 -14066.033844444442 -0.5014966101694914 24242721.07847457
115342.66089830508 4013.271186440678 191125155.5762712 -2362537680.223769 -10527.491133333331 -0.5245338983050847 17400156.66
39559.06394915254 3830.593220338983 194845243.54237288 -2344168868.892414 -14780.695566666664 -0.5374169491525423 29422658.71711865
62024.989949152536 3898.677966101695 194972175.1186441 -2353235797.178855 -13719.543244444443 -0.4630050847457627 17955896.011016946
41236.40042372881 3820.338983050848 195996521.4915254 -2345561275.018062 -13635.056133333332 -0.5191593220338984 25073101.77237288
60517.86611864407 3887.35593220339 194109841.62711865 -2353343310.004905 -12217.182622222224 -0.4712644067796609 16176057.0920339
85763.39479661017 3934.254237288136 190997362.8474576 -2355991169.1862864 -14035.559633333334 -0.4796508474576271 21384662.236610167
55933.80305084745 3884.1186440677966 191896952.8644068 -2350588958.930756 -15540.299277777776 -0.5285830508474577 25174211.44847457
72360.21464406779 3919.2203389830506 191902215.8474576 -2356791229.2146897 -10613.43932222222 -0.4971779661016949 15219603.468644068
41239.76952542373 3825.3898305084745 194716877.4237288 -2345506763.8538632 -14736.043033333332 -0.5221 26651509.22050848
54435.33891525424 3860.728813559322 194852464.98305085 -2351569625.0001035 -12512.0507 -0.4854525423728814 17925808.523728814
52584.995525423736 3853.915254237288 193986289.54237288 -2350860030.257853 -13085.069077777776 -0.4839610169491525 18755221.670677967
65889.5872881356 3899.101694915254 191897647.37288132 -2355111890.094857 -11177.686933333332 -0.4940118644067796 16121666.517118644
64231.76305084746 3907.288135593221 192356793.01694915 -2354495712.723912 -13502.090755555557 -0.5040152542372881 17935456.986271184
60963.11155932203 3887.06779661017 191998990.0338983 -2353650891.583641 -11736.311777777775 -0.4739305084745763 16876128.41118644
69868.87877966101 3916.35593220339 194277771.5762712 -2355553254.864851 -9262.067944444443 -0.5019186440677966 14399150.520169493
57731.50027118644 3893.9661016949153 193433550.1525424 -2351507478.835314 -15517.722644444442 -0.5194983050847458 23214787.273050845
44267.25011864407 3840.288135593221 193790915.62711865 -2346819791.0659223 -15014.80472222222 -0.5121627118644068 25929378.290338986
53776.71037288135 3886.35593220339 194616766.6101695 -2349934337.1161795 -15505.945844444446 -0.5067593220338983 23691872.88254238
49484.21264406781 3842.847457627119 193849877.62711865 -2349562579.133209 -14007.288333333334 -0.4963186440677966 21271019.961525425
41184.95049152542 3820.932203389831 194885595.9661017 -2345339956.951444 -13619.410966666666 -0.5145610169491525 25470227.74915255
122061.8006779661 4009.237288135593 191130442.4237288 -2362590423.725033 -11166.356988888889 -0.4943745762711864 18360342.63779661
45970.38283050848 3841.457627118644 193871379.79661015 -2348039056.0049686 -14523.085888888889 -0.5119813559322034 23510403.88440678
90016.45081355932 3940.3898305084745 190957146.18644068 -2357477737.909508 -11436.144477777776 -0.4547423728813559 18642025.006610166
49441.099627118645 3863.508474576271 192623401.37288132 -2348832638.5315228 -15015.013344444444 -0.5103711864406779 24972215.296779662
55675.8819661017 3893.745762711864 194464699.37288132 -2351067866.67466 -14523.523744444445 -0.5062898305084745 20513406.39983052
68222.63077966102 3897.5254237288136 192731427.18644068 -2355644268.808894 -10541.250077777777 -0.5026661016949152 15276532.13762712
55678.57508474577 3880.135593220339 193779187.94915253 -2350999890.486416 -15014.273577777778 -0.5118322033898305 22227875.80898305
58673.87849152542 3904.016949152543 195556084.33898303 -2351525327.4929423 -15000.518344444445 -0.498006779661017 21510295.40728813
52744.08208474576 3863.0338983050847 191705306.3220339 -2349273462.113195 -15521.810666666666 -0.5025694915254237 26016295.52847458
66760.3786779661 3909.254237288136 191648490.62711865 -2355341944.172532 -12099.677699999998 -0.4816949152542372 16151850.454576273
51072.33457627119 3853.9491525423728 193799938.59322035 -2350328370.5127497 -13602.981766666664 -0.5018033898305085 19760669.43644068
56054.95069491526 3871.5593220338974 194599368.22033897 -2351839867.121749 -13093.397077777778 -0.4998949152542373 17788351.427118644
42850.17199999999 3834.3898305084745 193905846.6949153 -2346192010.3574777 -14617.541177777775 -0.5114745762711864 25606847.9222034
54407.33801694915 3855.338983050848 194462053.5762712 -2351431300.551166 -11495.202955555556 -0.4790101694915255 16895751.32542373
47825.0703220339 3849.237288135593 192633943.6610169 -2348288738.3995223 -15009.3605 -0.5123220338983051 25603869.10254237
49027.66489830509 3845.423728813559 192994617.6101695 -2349291784.531145 -14022.844633333332 -0.4967338983050847 22196358.220000003
47776.903 3851.8813559322034 194030669.45762712 -2347836976.9636927 -15521.810666666666 -0.5127305084745762 25958616.936271187
52683.92627118644 3849.898305084746 194990741.05084747 -2350927457.874684 -12043.639066666665 -0.4782101694915254 17877375.357457627
55285.74554237288 3899.3050847457625 194377452.1016949 -2350572180.2808456 -15510.12292222222 -0.5230050847457627 23154114.2920339
41118.628389830505 3833.406779661017 193753400.79661015 -2344871355.7436547 -14843.029644444445 -0.5177796610169492 28300879.46847457
57725.46554237289 3879.813559322034 191917197.06779665 -2352592795.1551933 -13330.001355555556 -0.4920101694915254 18592075.153389838
44637.737237288144 3843.898305084746 193989024.0338983 -2345630757.441822 -15509.26392222222 -0.500722033898305 28248913.26864408
52775.26313559322 3848.169491525424 192727570.01694915 -2350903757.16476 -12619.122455555556 -0.490993220338983 19502681.79084745
65538.8099661017 3907.1186440677966 194548813.3898305 -2354746846.0839505 -11596.0863 -0.4725440677966102 15264878.233050847
65980.33135593221 3910.4745762711855 192019099.9661017 -2355137080.2719293 -13006.814855555554 -0.4809220338983051 17037098.824406777
49357.08908474575 3863.169491525424 191958874.8983051 -2347332537.42042 -15509.26392222222 -0.5085491525423729 28276383.59372881
75807.87979661018 3936.5593220338974 194728980.79661015 -2356734997.663074 -9526.326177777775 -0.4763084745762711 14300492.518644068
47736.11044067798 3844.406779661017 194096521.40677965 -2348541786.124172 -15100.120733333331 -0.5130406779661016 24251383.29237288
126856.56720338984 3998.135593220339 191080706.3898305 -2362602342.368377 -10045.225066666666 -0.5128440677966102 18194142.760677963
93078.43189830506 3944.186440677966 190992166.76271185 -2357306546.7413497 -13525.315277777776 -0.4788661016949152 20558654.58661017
42839.44147457626 3819.338983050848 194268473.1016949 -2346346154.1277146 -15007.49824444444 -0.5071508474576272 26192735.83322034
50666.64359322034 3862.406779661017 191972349.1186441 -2349561954.9437604 -14026.814911111109 -0.4899627118644068 22460701.69677966
54397.37598305085 3881.5593220338974 194742487.40677965 -2350531820.405261 -15056.051688888889 -0.523886440677966 22171015.27661017
64019.918966101686 3899.661016949152 191883710.5254237 -2354560473.21507 -12726.053477777776 -0.468086440677966 16982408.42627119
#