47759.52938983051 3854.8813559322034 193980580.1186441 -2348461719.652544 -15025.785655555555 -0.5118050847457628 24390003.580338985
69276.72711864406 3911.9491525423728 192823018.54237288 -2356102839.6822014 -10636.266966666668 -0.5034932203389831 15263910.66576271
59295.476711864416 3884.6949152542375 192902487.3559322 -2352934703.4005837 -14070.223433333333 -0.519377966101695 19643686.54186441
65962.65681355933 3897.9661016949153 194559997.1355932 -2354978367.4112573 -11169.501333333334 -0.4872677966101695 15284777.812542371
47121.36357627119 3837.4745762711855 192956807.4915254 -2348259994.3490944 -14074.109555555557 -0.4975084745762712 23143710.610508475
39506.9303220339 3828.9661016949153 195639222.79661015 -2344400185.9859805 -14032.218555555555 -0.5050254237288135 27254351.5579661
75879.32618644068 3936.677966101695 191954055.3220339 -2357754576.085043 -10570.995266666669 -0.5054983050847458 15157089.98305085
49474.50161016949 3867.101694915254 191825720.01694915 -2348578295.9061 -14056.001655555556 -0.4800508474576271 24000200.216271188
42863.37549152543 3826.0 195795045.47457623 -2346533447.4776564 -13409.683211111109 -0.4922050847457627 23324240.80881356
52783.54401694916 3867.271186440678 192136433.9661017 -2350247414.24362 -15007.941044444444 -0.508528813559322 23985208.529661026
41197.33030508474 3831.0338983050847 194891430.1186441 -2345488659.3107386 -14773.140666666666 -0.5131322033898305 26812995.72576271
57530.893220338985 3877.169491525424 191970037.1355932 -2352529413.3160663 -12662.67302222222 -0.4876847457627118 18822539.0559322
50758.16745762712 3865.338983050848 191856134.7457627 -2349484796.4217176 -14585.21211111111 -0.4977966101694915 23622778.926101696
56055.5150677966 3856.6101694915255 192916567.6101695 -2351992346.3788776 -11586.824077777776 -0.4859389830508475 17958408.268983047
52785.06950847458 3856.0 194759761.9661017 -2350997593.719537 -13092.2983 -0.4889881355932203 18676665.743898302
47831.70461016949 3858.796610169492 191959086.33898303 -2347678445.235355 -13568.687977777778 -0.4800067796610169 24609560.877966102
37941.69191525423 3824.6101694915255 196663212.6610169 -2343315614.198775 -14622.015788888888 -0.5391677966101694 30732323.988983054
65967.92689830509 3903.016949152543 191926732.45762712 -2354965806.8760448 -13096.683899999998 -0.5098152542372881 17899867.674915258
46186.98108474576 3835.508474576271 194827726.30508476 -2348332097.4298406 -14105.216933333331 -0.4944118644067796 22356046.308813564
52783.97410169492 3870.508474576271 191867686.4237288 -2350481565.355202 -14390.220244444445 -0.4998254237288136 22292279.494237285
69263.3996440678 3921.779661016949 192428310.6101695 -2356044346.8899465 -12523.361 -0.483728813559322 16035498.32084746
47816.760457627126 3837.2203389830506 194770310.01694915 -2349079151.238435 -14062.856999999998 -0.4879050847457627 21236799.95728813
59381.98966101696 3887.576271186441 192969908.27118644 -2353366554.712249 -11920.210088888887 -0.4887016949152543 17050169.9779661
57201.76827118644 3873.728813559322 194170249.91525424 -2351864826.7750645 -14514.19623333333 -0.4966881355932203 20448867.03118644
46168.193966101695 3850.813559322034 192889162.22033897 -2347126722.54056 -13533.485655555554 -0.4829016949152542 24205943.20101695
39580.87457627119 3827.542372881356 195905535.91525424 -2344457965.912282 -14765.477188888888 -0.5145305084745763 28618987.078644074
62676.49676271187 3886.745762711864 194269791.6440678 -2354091938.3791184 -12005.2576 -0.4874271186440678 16170958.260508474
63113.68911864406 3892.1186440677966 192899371.0338983 -2354087462.026988 -13503.680788888889 -0.4926711864406779 17979929.195593223
54157.60023728813 3855.491525423729 192922146.18644068 -2351374792.6522746 -12231.8844 -0.4915745762711864 18890695.398644067
58444.55086440679 3895.06779661017 192927478.06779665 -2352083789.447498 -15002.450666666668 -0.5114271186440678 22255029.46016949
46164.98357627119 3848.830508474576 194575790.6440678 -2347681009.282659 -15001.411477777778 -0.5076101694915254 24930898.92610169
147739.59928813562 3998.677966101695 191166550.1355932 -2362605220.760742 -11027.043033333332 -0.5004661016949152 20479605.535593223
56074.32257627118 3867.338983050848 191981104.22033897 -2351808690.979879 -13140.023022222224 -0.4696372881355933 19611794.637457628
52615.66544067796 3860.406779661017 192854465.8474576 -2350845649.59188 -14001.0921 -0.5119847457627118 20580823.356271185
73836.44888135593 3935.203389830509 191944456.3559322 -2357145395.758162 -12070.701466666666 -0.5077830508474577 16189649.321694916
62598.39603389829 3893.6101694915255 194910512.1186441 -2353862829.869299 -9292.36082222222 -0.4810406779661016 15292934.702881357
57552.4465762712 3868.0 194802735.6949153 -2352393861.2689137 -12536.370966666664 -0.465871186440678 17045402.765932206
47828.26283050847 3841.677966101695 192992514.0 -2348657070.513377 -13694.604155555557 -0.4927847457627118 22454769.824576277
52499.99879661017 3889.4406779661017 194625290.5762712 -2349460180.698892 -15582.68863333333 -0.521364406779661 24207124.07661017
61044.39781355932 3898.06779661017 191344395.6440678 -2352875719.527405 -14513.440988888886 -0.5082847457627119 20659405.07576271
61016.411016949154 3882.169491525424 193628085.3898305 -2353726952.367162 -12579.234111111107 -0.4929457627118644 17028518.324067798
51040.24184745763 3865.898305084746 191973684.6779661 -2349434939.383308 -15004.45894444444 -0.5106118644067796 24919396.41694915
44373.4976779661 3838.135593220339 194969993.0338983 -2347432808.4428678 -14066.953066666663 -0.4918423728813559 22988051.761864413
72360.15518644068 3911.2203389830506 191706827.6779661 -2356749456.778757 -9542.760711111108 -0.4864186440677966 15295082.792203387
41216.053423728816 3822.71186440678 194907562.7457627 -2345428238.76463 -13692.999766666668 -0.5284491525423729 25313334.010338984
47771.98816949153 3866.016949152543 196090719.91525424 -2348323220.588141 -15003.710611111112 -0.5093050847457627 24115207.553898305
60911.11655932203 3889.9491525423728 192868550.1355932 -2353793303.118321 -12004.388433333334 -0.4931949152542373 16953898.443559323
49358.8113220339 3862.932203389831 191888203.8644068 -2348671683.8312955 -15073.583300000002 -0.5002847457627119 25700198.49525424
62402.75486440678 3895.847457627119 193279460.45762712 -2353153260.0341115 -14516.27542222222 -0.5039288135593221 19639072.17983051
44523.17216949153 3831.796610169492 193632877.8474576 -2346732394.344698 -14062.409788888886 -0.4918796610169491 24220023.21881356
57662.759135593216 3853.932203389831 194747845.8135593 -2352294421.3120666 -9106.745033333333 -0.4779661016949152 16018618.058644071
51066.68613559322 3854.4406779661017 195328364.1186441 -2350322593.8547373 -13000.789077777776 -0.4894338983050847 18892900.81254237
49486.56493220339 3833.084745762712 193841002.440678 -2349667808.5567174 -13704.590333333332 -0.4935237288135594 20698311.97728814
74125.80769491525 3921.6949152542375 193657067.18644068 -2356787713.1140146 -8580.6863 -0.4753813559322033 14398561.714915255
47763.38159322034 3835.576271186441 195494775.08474576 -2349016819.970453 -12196.73981111111 -0.478364406779661 19707402.81288136
55853.05598305084 3888.372881355932 192464400.27118644 -2351319713.36786 -14618.185977777775 -0.5211593220338983 21400281.23338983
56090.488728813565 3868.084745762712 194704844.9661017 -2352145893.7694955 -12110.690800000002 -0.4941796610169491 17035560.106271185
52779.18757627119 3857.288135593221 194830094.5762712 -2350944870.955127 -12047.466355555554 -0.4765576271186441 17833083.86
60986.42659322034 3885.898305084746 194886559.05084747 -2353695396.170774 -11593.159988888889 -0.4927050847457627 16009010.181864409
52547.45098305085 3847.6101694915255 193367918.8644068 -2350796568.685732 -12746.105077777778 -0.4771983050847458 18657963.596271187
46152.41815254237 3832.0508474576272 192822606.6949153 -2347459793.5331497 -14073.038344444443 -0.4988305084745762 24417745.203559324
55248.29138983051 3878.084745762712 194823727.79661015 -2351579061.6034813 -13522.59572222222 -0.4718050847457627 18607754.13813559
56094.46322033899 3861.796610169492 192830664.79661015 -2352117637.336604 -13091.548455555554 -0.4962186440677966 18801902.863728814
69277.78052542373 3906.406779661017 193386313.98305085 -2356089309.156274 -11051.326133333332 -0.4920033898305085 15263992.052881354
123228.28803389832 4011.06779661017 191139053.3220339 -2362602660.7097545 -10614.575655555556 -0.5116016949152542 18559830.046949152
54062.08452542375 3879.796610169492 191624758.91525424 -2348130588.8436294 -15508.824222222223 -0.4916627118644068 28349725.861864407
75779.76103389832 3947.728813559322 191516193.8135593 -2357379939.883644 -13030.567277777776 -0.5123271186440678 17034166.25118644
57604.42486440678 3894.864406779661 191957703.16949156 -2351759705.593676 -14618.185977777775 -0.5199406779661017 21452679.938135598
45500.45091525424 3841.677966101695 193644104.2542373 -2347693910.0042915 -14082.3627 -0.5017254237288135 23065599.66542373
64242.66203389831 3899.4745762711855 192796883.6949153 -2354834217.4205017 -11512.043088888888 -0.506535593220339 16182747.04644068
47815.172423728814 3858.186440677966 191983284.8474576 -2347676172.640118 -14091.301755555554 -0.4828 25259714.455423728
44348.52603389831 3835.728813559322 192974901.55932203 -2346466981.0913687 -14031.882466666666 -0.4948372881355932 25621177.330508474
44526.869593220326 3833.338983050848 195510564.0338983 -2347519586.970188 -14530.972755555556 -0.4967271186440677 24147801.56016949
49462.9813220339 3847.254237288136 193889729.0 -2349524491.517267 -14018.483366666664 -0.4935745762711865 21248517.74474577
47718.69347457627 3858.745762711864 191910054.440678 -2347457426.287873 -14500.220233333332 -0.4863372881355932 26381526.69101695
51146.48703389831 3847.728813559322 193356809.4915254 -2350270954.759346 -13566.104233333332 -0.4933677966101695 19770887.78559322
41208.03711864408 3823.830508474576 195944088.6610169 -2345558918.4627237 -15000.058077777778 -0.5041322033898306 26991763.47355932
54373.73149152542 3859.203389830509 193804219.05084747 -2351570981.8527994 -13251.970111111112 -0.493535593220339 18764187.114237294
57238.26635593222 3899.576271186441 191928805.0 -2351098078.266472 -15591.918088888886 -0.5179271186440678 24258313.58694915
112758.86093220342 4013.677966101695 191148305.6101695 -2362518321.1270022 -9569.944544444445 -0.5215559322033898 17038433.76423729
49496.29547457628 3846.813559322034 192775743.93220335 -2349299037.3695045 -14500.611111111111 -0.5028949152542372 23350740.58169492
64314.76005084745 3904.830508474576 191972217.93220335 -2353998810.945243 -14511.1207 -0.5143830508474576 19632838.756271183
117116.3205084746 3990.9661016949153 191080744.94915253 -2362531044.21699 -8798.956755555555 -0.5093 17033801.819491528
57670.88172881357 3885.457627118644 193711029.4237288 -2352139920.019765 -13512.035255555556 -0.4669694915254238 18583082.594915256
54379.732067796605 3872.64406779661 191757835.1016949 -2350653892.575484 -15007.908033333331 -0.5073593220338982 24067090.28932204
51128.14872881356 3882.4406779661017 193911099.76271185 -2348432214.7853203 -15502.038033333332 -0.5058559322033899 25758268.89559322
59399.33581355933 3879.5254237288136 194837983.6101695 -2353131987.640139 -11252.931888888888 -0.4780254237288135 16160265.000508474
60933.145322033895 3878.423728813559 193743899.83050847 -2353765927.3782773 -11440.484599999998 -0.4890745762711865 16180835.078305084
65860.37938983052 3898.457627118644 193735653.4915254 -2355034227.421185 -10015.552055555556 -0.4914491525423728 15208683.54881356
67591.82786440678 3898.9661016949153 193506857.55932203 -2355549796.2998896 -10516.454611111109 -0.4925457627118644 15203812.383050848
60523.15628813559 3892.135593220339 193683588.98305085 -2351611449.699296 -15507.39572222222 -0.5090254237288135 22985279.63440678
59097.23783050848 3877.4406779661017 192899118.08474576 -2353035472.0744443 -13502.967544444446 -0.508228813559322 18782487.442203388
67611.51233898306 3908.6101694915255 191857006.2542373 -2355772750.8514 -11565.07092222222 -0.5021542372881357 16107218.85220339
52549.17593220339 3876.576271186441 191721207.5084746 -2347421053.7306437 -15506.17152222222 -0.4937949152542373 29350665.188474577
67616.90674576271 3914.728813559322 191982122.0 -2355031356.505897 -14021.54231111111 -0.5128305084745763 18771345.697288137
117056.62620338984 4012.9661016949153 191125138.94915253 -2362622063.689532 -10013.183666666666 -0.5184610169491525 17527200.312711865
64334.54261016949 3908.661016949152 194760100.18644068 -2354247323.846181 -10528.87821111111 -0.4976423728813559 15270093.102711864
52793.98916949153 3863.372881355932 191982575.6101695 -2350500531.154787 -13940.448466666669 -0.4903406779661017 21461167.65050848
42891.97757627118 3828.1186440677966 194535819.30508476 -2346427977.384188 -13767.075655555554 -0.510871186440678 23871402.29271187
61986.0610677966 3918.64406779661 193853515.83050847 -2352931754.6815467 -15059.286099999998 -0.490864406779661 21399969.64220339
39589.18344067797 3834.016949152543 194626160.23728812 -2344199989.2279463 -14690.88653333333 -0.5248305084745764 28892796.69101695
47785.8296779661 3846.813559322034 193688853.5762712 -2348900020.718792 -13642.57992222222 -0.4873203389830508 21571972.377966102
49472.8046440678 3846.0 192926458.08474576 -2349066642.4687147 -15035.6687 -0.5040762711864406 24794055.093728814
57726.24272881356 3898.0338983050847 194304378.3220339 -2350980404.509056 -15604.212633333334 -0.5141796610169491 23127304.641016956
62659.50533898306 3876.338983050848 192794451.1186441 -2354165144.0344005 -10345.791366666665 -0.4950627118644068 16173899.702711863
56031.80347457627 3872.423728813559 194557594.1016949 -2351889329.902601 -13125.507933333332 -0.4740627118644068 17884214.931525424
56019.57786440678 3881.64406779661 194483127.20338985 -2351200490.506834 -15033.6668 -0.505113559322034 22309089.668644067
62206.38255932203 3897.186440677966 191879923.6779661 -2354121555.482954 -11738.849688888888 -0.4854491525423729 16665989.60864407
45825.4723220339 3834.0508474576272 192813175.33898303 -2347254853.617928 -14531.301044444444 -0.5090762711864406 25666442.062203392
41243.240627118656 3822.1186440677966 195755909.91525424 -2345519649.034922 -13720.33068888889 -0.507235593220339 25144450.66644068
64317.12257627119 3887.254237288136 194652608.5084746 -2354454511.395252 -10463.235088888889 -0.4924220338983051 15286655.366949152
51088.62142372883 3852.322033898305 192828063.1355932 -2350132467.73985 -14043.743799999998 -0.4899152542372881 21319860.075593226
63358.89899999999 3899.9661016949153 193876456.22033897 -2353918154.2427053 -13221.668622222222 -0.4984457627118644 17051795.477288134
42881.80118644068 3831.169491525424 195944129.23728812 -2346694997.2760043 -14008.781488888888 -0.4993372881355932 23781065.567796607
51138.58410169492 3865.593220338983 191828707.2542373 -2349701636.032515 -14252.479866666665 -0.4961033898305085 22854066.8520339
77968.6438135593 3944.813559322034 193877877.8983051 -2357567123.692533 -9530.10718888889 -0.4750067796610169 14392411.221694916
65811.60149152542 3904.8813559322034 194582047.45762712 -2354839246.5880985 -12586.797333333332 -0.4702661016949152 15933160.291694911
49372.778728813566 3847.3050847457625 192953743.76271185 -2349409497.007059 -13053.447666666669 -0.4815728813559322 21289566.62305084
59158.186271186445 3891.4745762711855 191688475.47457623 -2352058557.348236 -15166.83082222222 -0.523506779661017 23032255.09966101
51053.187762711874 3843.508474576271 194785191.18644068 -2350340794.7044435 -12662.041133333332 -0.4829423728813559 18872509.696949154
76686.26306779662 3945.06779661017 192887435.94915253 -2357503381.578617 -8554.853155555555 -0.4858762711864407 14399020.313898304
54016.84577966102 3878.406779661017 192671492.83050847 -2350422784.4627147 -15549.36052222222 -0.5225661016949152 24136054.9281356
39494.8429661017 3829.491525423729 194984407.8135593 -2344164498.7234726 -14302.141755555554 -0.519135593220339 28222469.940847456
41227.658694915255 3822.542372881356 195681638.2881356 -2345618182.535419 -14140.749766666666 -0.5058644067796609 25269624.60644068
54295.68423728814 3878.830508474576 192873538.45762712 -2350860826.2329946 -15006.943988888886 -0.5110389830508475 23090220.337288138
39591.53630508475 3828.661016949152 196046694.76271185 -2344417298.73084 -13547.608844444443 -0.5082830508474576 26804161.030847456
59231.562389830506 3872.864406779661 193932521.6779661 -2352650116.3158574 -8830.420722222221 -0.4823966101694915 16026873.65745763
55784.455 3873.288135593221 191964672.59322035 -2351720492.8226376 -14032.058766666663 -0.5041796610169492 20471527.77983051
42682.75484745763 3821.423728813559 193903319.23728812 -2346089704.9604 -15084.143766666666 -0.5199 26600384.61881356
54298.40218644067 3869.6101694915255 191581300.62711865 -2350920764.0613704 -14533.599566666664 -0.4992372881355932 22077997.42525424
41128.44535593221 3832.0 193783162.05084747 -2344967153.2535715 -14526.342933333332 -0.5154915254237289 27657067.06254237
52597.98538983051 3870.423728813559 191878148.7118644 -2350389206.568809 -14516.49551111111 -0.4990101694915254 22548238.80372881
51093.62357627118 3867.372881355932 191990681.06779665 -2349828130.644793 -13553.577033333331 -0.4923237288135593 21818840.586610164
59260.96001694915 3893.1186440677966 191904014.45762712 -2353123299.425501 -13184.505999999998 -0.5017288135593221 18552067.26525424
52761.56215254237 3875.0 194152010.62711865 -2350277247.680914 -15022.356500000002 -0.5226762711864407 22849210.883389827
126190.8397118644 3999.542372881356 191128376.76271185 -2362509022.3746243 -10606.47518888889 -0.5073220338983051 18624303.974576272
49358.56061016951 3835.898305084746 194501883.77966103 -2349641408.080932 -14055.714366666669 -0.4870440677966102 20688366.96288136
64079.74249152542 3888.8813559322034 193497704.8983051 -2354584016.1843805 -12062.780244444446 -0.4915915254237288 16020997.797288137
46094.57393220338 3839.237288135593 193965709.59322035 -2348132270.2216754 -13694.965377777777 -0.5031152542372881 22182966.601525422
67166.88459322034 3921.271186440678 191404120.83050847 -2353629760.8459167 -15570.884522222224 -0.5148050847457627 23397224.18288136
70781.87215254238 3912.101694915254 194716383.9661017 -2355760341.1787963 -8696.844055555553 -0.4652338983050847 14376994.637288136
54301.29303389831 3860.203389830509 193895008.4237288 -2351481960.754283 -12556.191555555555 -0.4872711864406779 17910087.22694915
44538.93315254238 3833.71186440678 194787351.45762712 -2347481886.4540334 -13591.44512222222 -0.478122033898305 22426492.48661017
57651.274220338986 3870.9661016949153 193897323.62711865 -2352327684.051996 -13292.148488888888 -0.479842372881356 17850614.34559322
44330.18142372881 3836.135593220339 193894044.4915254 -2347017722.8963885 -15054.476466666669 -0.5134864406779661 25677465.966779668
57659.50883050849 3883.0 191847736.79661015 -2352471984.1320906 -13612.692922222222 -0.493786440677966 19689784.275254235
60938.92852542373 3896.593220338983 193724234.20338985 -2353161878.07296 -13503.680788888889 -0.4833 17958161.49694916
62606.23969491525 3913.3050847457625 191345731.08474576 -2353114702.0045485 -15131.02871111111 -0.5323677966101694 22403268.911525425
60902.859271186455 3898.779661016949 191775668.8135593 -2353354778.8839054 -13633.575377777775 -0.4766186440677967 18866782.101694915
59255.87972881357 3881.932203389831 191964950.33898303 -2353144683.4424844 -12326.494933333332 -0.478377966101695 17469657.07254237
53116.67223728813 3886.6949152542375 194262996.7118644 -2350388540.217622 -14587.271277777776 -0.5205440677966101 20844188.006101698
44498.71015254237 3866.0338983050847 192956877.6101695 -2345727402.0162005 -15026.365766666668 -0.5811966101694915 27690873.534406785
49492.58147457627 3860.016949152543 193678091.98305085 -2348827891.684148 -15027.61332222222 -0.4996711864406779 24162655.879322037
70889.87533898305 3911.915254237288 191875030.33898303 -2356247454.7337656 -8786.519466666667 -0.4941 15229618.674237289
54124.40750847458 3866.864406779661 191996176.1355932 -2351125692.2226887 -13705.2266 -0.4909067796610169 20539166.98694916
51000.43969491527 3869.06779661017 195086040.8135593 -2349528500.684952 -15175.049633333334 -0.4954847457627118 23268586.26728814
62607.95005084746 3892.186440677966 193400952.18644068 -2354360410.676918 -11502.813633333331 -0.4943118644067796 16105003.586949153
74242.49205084745 3929.457627118644 194749287.3898305 -2356577262.627744 -9376.443288888888 -0.4623542372881355 14318588.3240678
42899.872474576274 3827.796610169492 196142535.23728812 -2346695678.845122 -13652.645855555556 -0.4907254237288135 23309800.590677965
64262.738135593216 3896.372881355932 192720326.27118644 -2354777558.304082 -12569.699444444444 -0.5091338983050848 16895651.24847458
55789.64757627118 3901.932203389831 194683215.62711865 -2350727476.499026 -15550.0411 -0.5173118644067797 23013143.306779664
62215.684389830494 3920.372881355932 192350382.2881356 -2352642359.1862483 -15506.418077777776 -0.5244728813559322 22929272.887796607
60085.640423728815 3898.35593220339 194163230.01694915 -2352196522.857952 -15020.190566666664 -0.5034813559322034 21466531.740508474
77399.96761016951 3941.542372881356 193455136.94915253 -2357586468.387311 -9002.078166666666 -0.4838440677966101 14390627.501864407
39582.59554237288 3833.576271186441 194987783.3559322 -2344066563.132708 -13875.692022222223 -0.5233186440677966 27714616.839322034
64324.80735593221 3915.745762711864 193922329.94915253 -2353985835.5884423 -14036.3465 -0.5008525423728813 18544011.023898304
47754.29452542373 3845.0508474576272 193519785.59322035 -2348714090.3493137 -14501.603288888886 -0.5086322033898305 23327225.01745763
64990.65700000001 3897.864406779661 191540255.5084746 -2354784019.149485 -12521.1221 -0.4749491525423728 16917861.047288135
72449.09349152542 3937.491525423729 191998338.6101695 -2356111037.401709 -13593.804133333331 -0.5209474576271186 17979374.936101694
57713.44028813559 3866.9830508474574 193389301.22033897 -2352609635.369499 -12035.3081 -0.4552305084745762 16995142.879322033
44392.28388135592 3831.813559322034 193952558.5762712 -2347137751.2022758 -14814.309433333334 -0.5183389830508475 24972553.037118647
47662.43879661017 3847.9830508474574 193638087.76271185 -2348818605.365509 -14033.639488888888 -0.4843728813559322 21998481.53983051
64804.2136779661 3896.491525423729 192724707.4915254 -2354671413.614854 -13006.856044444445 -0.4934762711864406 17026906.145932205
62678.40532203391 3892.0338983050847 191572588.9661017 -2353705862.929903 -14003.357022222224 -0.5086254237288136 19578188.940847456
54429.67383050847 3868.0338983050847 191657334.98305085 -2351100378.0602784 -14011.236866666666 -0.4927338983050847 21026835.46915254
42761.47447457627 3825.4745762711855 193949677.18644068 -2346214369.8864865 -14586.978955555554 -0.5196661016949152 25881599.315423727
51073.00438983051 3854.237288135593 194777524.45762712 -2349956012.700012 -14511.71484444444 -0.4971813559322034 22237672.081525423
55429.88744067796 3870.677966101695 194423711.6779661 -2351275865.302309 -14062.071877777777 -0.5163372881355932 19798945.758474577
117080.70572881355 3993.288135593221 191076593.2542373 -2362530478.431865 -9159.83038888889 -0.506828813559322 17211095.100508478
51611.39266101696 3849.677966101695 192999111.16949156 -2350391285.9318743 -13066.093766666663 -0.4766305084745763 19286040.319322035
46194.94513559322 3836.779661016949 193956422.3898305 -2347964329.9112253 -14558.37602222222 -0.5105288135593221 24056026.91237288
63701.1447118644 3906.762711864407 191927245.83050847 -2353566152.297026 -15020.190566666664 -0.5219796610169491 21408082.42711864
59817.34961016949 3891.457627118644 191910692.6949153 -2353329557.317992 -12756.25301111111 -0.4823389830508474 17996117.63288136
64932.26257627119 3897.372881355932 191918062.88135597 -2354753404.528994 -10552.437266666666 -0.4919610169491525 16182039.201694911
72530.42725423728 3930.542372881356 192652130.30508476 -2356994379.8092046 -11022.99487777778 -0.4958966101694915 15171688.02101695
57701.31437288135 3873.932203389831 192886242.05084747 -2352752147.741697 -12523.229744444445 -0.4948881355932203 17848658.10440678
67584.69979661018 3889.728813559322 192983341.40677965 -2355241477.8433967 -8786.519466666667 -0.4988033898305085 15221205.885084746
60765.4196779661 3891.101694915254 192464644.16949156 -2353540448.325752 -13099.44102222222 -0.4933152542372881 17919912.59559322
75813.97183050847 3930.576271186441 194339114.01694915 -2356970163.887373 -9530.10718888889 -0.4685152542372881 14374235.171864403
47641.279406779664 3849.796610169492 192629366.6779661 -2348230221.6887984 -15054.476466666663 -0.5069322033898306 25780550.174915258
49495.68840677967 3843.016949152543 194771771.6610169 -2349758819.821409 -13024.53212222222 -0.4781525423728813 19680360.46423729
60457.79288135592 3903.4745762711855 194968358.1186441 -2352729995.380404 -14021.573511111108 -0.4624966101694915 18672081.585932206
44476.43633898304 3833.932203389831 193674214.7288136 -2346976416.488569 -13570.753399999998 -0.4930338983050847 23319767.075593226
37929.59245762712 3844.4406779661017 197597173.4915254 -2343200219.119439 -14007.719511111112 -0.5318101694915255 30113433.215932205
47833.5803220339 3845.830508474576 192870075.0 -2348469943.4640346 -14691.924955555554 -0.5092898305084745 24862523.705932204
50927.62857627119 3850.0508474576272 192949509.440678 -2350169979.4529533 -13512.6061 -0.4913050847457627 20542927.70491525
46197.73801694914 3839.338983050848 195491704.8644068 -2348216459.138543 -12225.3178 -0.4804661016949153 20651737.318644077
62031.42505084745 3896.745762711864 194865868.5084746 -2353674791.963424 -13028.716688888888 -0.4891661016949152 16921369.406440675
47766.56100000001 3837.3050847457625 194935464.88135597 -2349070588.191632 -13515.1148 -0.4883067796610169 20606948.325084742
133153.84230508475 4005.8813559322034 191140528.8474576 -2362581685.6396823 -11027.043033333332 -0.5072152542372881 19572066.54644068
68477.20994915254 3890.8813559322034 192847556.33898303 -2355575158.0449414 -10059.114288888888 -0.4871254237288135 15145450.21084746
46184.890135593225 3835.101694915254 194893908.23728812 -2348409244.342655 -13543.607755555557 -0.4806118644067796 21319657.679152545
54444.6020338983 3861.64406779661 192995231.3220339 -2351508489.2970567 -13573.993322222224 -0.5017338983050847 19658273.605084747
41006.10662711864 3826.0 193961996.6779661 -2344940923.989457 -15002.60178888889 -0.5206440677966102 28133922.673728816
45856.6057118644 3831.152542372881 192870815.3220339 -2347230116.810751 -15133.583699999996 -0.5100050847457627 26774218.899661016
65992.76118644068 3892.406779661017 192856951.47457623 -2355134249.256687 -12066.938877777777 -0.4950220338983051 16041791.87779661
42765.50288135594 3828.932203389831 193718279.1186441 -2346118691.700873 -14026.309844444444 -0.5068169491525424 24827801.670847457
#