wetIndicatorThreshold,wetConfidenceThreshold,C1,addC1,P1,C2,P2,dryLevelThreshold,dryFlowAdjustment,Coastal Impacts: Upstream Buildings Impacted (#),Coastal Impacts: Downstream Buildings Impacted (#),Commercial Navigation: Ontario + Seaway + Montreal Transportation Costs ($),Hydropower: Moses-Saunders + Niagara Energy Value ($),Meadow Marsh: Area (ha),Muskrat Lodge Viability (%),Recreational Boating: Impact Costs ($)
9511.180972319014,89.0770264288842,147.86567377288983,239.92013933172,1.1617086331756266,178.01766985621182,1.9926238856926943,76.47009786145372,48.026850777036856,52646.7293559322,3859.762711864407,193357333.7457627,-2350844808.8336897,-14021.332788888889,-0.4978966101694915,20483406.85830508
7037.696240391341,92.64515589605456,152.32114194713557,185.3480394778084,0.7707190250934848,139.10957219268386,1.9760307375580144,74.91315972393419,49.529730681159926,39574.12879661017,3820.457627118644,195980160.76271185,-2344358497.3805714,-14049.7142,-0.5283610169491525,27875212.293389834
9666.81315445036,117.60898080971478,229.557750575667,185.4877038066929,1.4036528076934671,299.281399589213,1.7274999140595837,74.88713723895772,-5.959274635201417,80817.40645762713,3963.084745762712,192900857.40677965,-2358312639.1274347,-8546.082133333333,-0.4938559322033897,14318846.27661017
8048.863566081092,98.13765445469448,86.40697212733146,187.2824520605448,0.1207076558148867,152.83244965558126,1.9525043652920888,76.4148025758635,49.74631337613981,44522.52801694916,3834.932203389831,192899092.7118644,-2346380788.762327,-14286.783733333332,-0.4894152542372881,25707776.905084748
8721.543458625632,70.20611427689715,101.03923635833792,241.8594078101544,0.379637091151645,255.05272080281668,1.8291769340519024,75.61828943620587,49.64307504697774,47803.75520338983,3834.491525423729,192987305.93220335,-2348501101.0446053,-13506.974088888886,-0.4900949152542372,22461162.39542373
7680.226540218386,248.96730887441709,152.50685078360647,221.7089372716271,0.770661412430834,298.67110478582515,1.9918071257543544,76.16341463377239,35.21027948828653,51141.709627118646,3849.135593220339,193614979.440678,-2350277584.194686,-12564.027055555554,-0.4806220338983051,18809482.960338984
7776.638506044782,93.6590138762538,149.15691196684816,227.1006444411633,0.7083706208547176,180.1826780819727,1.779022581307036,75.69935236875507,35.20450177740223,49476.179322033895,3842.5254237288136,193870710.91525424,-2349664510.515647,-13063.233177777776,-0.4907186440677966,19753190.12542373
8842.04123709422,95.10693550388385,88.2298765010886,152.35514149319175,0.4038827931579205,141.059854009517,1.646210669702324,76.43761453181054,48.18989593088018,51076.85481355933,3863.0338983050847,191915442.5084746,-2349808250.94343,-14000.494922222224,-0.4967305084745762,22504958.135932207
8682.901969769959,83.89000143578659,144.31947025759885,225.50814957175865,0.6584020046433486,47.72928167166832,1.8593838617343883,74.77738155615685,47.66283513176618,59395.30420338983,3890.762711864407,191700149.22033897,-2352232276.7871737,-15042.6201,-0.5125271186440679,22431669.616949145
7860.904710515845,110.20196557795096,104.48909675284774,245.7489218618339,0.2856273138795939,261.5082775269313,1.987229541153214,74.65308688454289,49.706352276636544,59986.76181355932,3903.0,193841080.4237288,-2352803003.122359,-13503.5885,-0.4796830508474576,17943092.300169494
8666.01338634431,94.48950306469916,152.32114194713557,82.47092854709837,0.772211417862827,161.5411962104042,1.9842419501755844,74.78982542049059,49.65839844904421,60993.90479661017,3897.423728813559,191622661.8474576,-2353007970.293941,-14600.180466666665,-0.5074559322033898,20431633.733898304
7772.312999612085,88.46488086154189,164.5406359777195,241.92808688081735,0.8127206883373559,148.31702541590107,1.957481203453044,76.49807668299636,49.95203031927235,44536.72733898304,3831.745762711864,193879022.77966103,-2347440296.441111,-14116.653522222225,-0.5098525423728814,23196096.25762712
9115.959578825728,10.541127893920262,112.53686728442908,220.7198789826417,0.6406977807546401,182.3117538641003,1.9978949332980525,76.21379342136431,49.17872056093063,49445.45538983051,3846.203389830509,192932030.33898303,-2349442303.0297384,-14077.945966666666,-0.4983966101694915,22141228.42016949
7764.4343294934015,94.54275116145718,106.28370804984289,116.83971718828266,0.7052012292447503,60.01936195392464,1.9743427923882304,74.80237625592909,49.57723285330839,57727.25054237288,3906.576271186441,194900241.55932203,-2351675106.3576183,-15035.825833333332,-0.5054254237288136,21523406.830847457
7534.611369194881,71.69729361724283,154.3260283620125,187.38863823978775,0.263324703691874,140.24175552989624,1.999982353844356,76.1357538308591,48.61631106376337,39558.87118644069,3828.084745762712,194971047.4915254,-2344022411.805559,-14093.146822222225,-0.5311322033898305,28610640.42847457
9681.568663473125,18.46271178672928,181.41201897156225,244.02438202030064,0.7479721483554943,261.43506479262646,1.983184750095197,74.78392675728601,46.16406830766648,54376.700745762704,3856.762711864407,192992111.8474576,-2351407286.371824,-13564.113633333332,-0.5095237288135593,19592129.28983051
8603.302566488808,205.55952391248627,178.92587129474384,228.2408357205619,0.7376636080480399,265.92705378079864,1.9725819008752616,74.7868931850764,18.40567454798399,64207.69299999999,3891.847457627119,192733052.6779661,-2354785575.890156,-11579.87442222222,-0.498,16122735.397118645
7726.663858653901,19.048932383465534,164.89517181673884,220.04336865265637,0.8871798225680434,258.2953705013978,1.6513502226495833,74.65112607687132,41.5529804206166,65991.33279661016,3908.762711864407,194765699.2881356,-2354735596.12915,-11548.147199999998,-0.4845389830508474,15239091.512033897
7780.781279085271,61.79088309565932,114.26971829943224,245.76220870423955,0.250303742372242,152.80581589642685,1.974813514408684,76.40776430556419,48.81993620866625,41233.2853559322,3829.406779661017,193992164.40677965,-2345292332.9044967,-14061.8625,-0.5091661016949153,26078046.02711864
8642.420901147441,210.5967833464753,162.71053311761435,166.14493690396952,0.5936060454970654,262.3082150485791,1.9993240144937396,74.64078753023301,42.15671669688751,62690.12633898304,3895.5254237288136,192371592.4237288,-2354189946.1588283,-12670.06482222222,-0.4730101694915253,16933975.546949152
8735.019502745392,7.713677241552812,94.46964397294327,241.99220453358643,0.5062054303008945,9.623642101382645,1.6604273154176863,76.44356840259336,49.82350881839219,49464.59052542373,3857.64406779661,192391652.3898305,-2348973737.620693,-15011.95393333333,-0.51,25159729.515423726
9282.676687850862,74.02179850790723,163.11973744505872,220.1326606631133,0.6910177610404524,244.62264308971768,1.4960055155251772,76.427836979042,12.006969256250372,62652.300254237285,3879.4745762711855,192869215.3220339,-2354082814.20774,-10003.600611111113,-0.4953220338983051,16121218.66559322
9751.89173813889,142.01553367125234,19.674171181646862,8.593382226376438,0.4154919829075432,206.0434285920447,1.0564319974641392,75.51397613577444,47.77153674461216,85008.807,3941.8813559322034,190994134.93220335,-2356887029.984923,-12073.72782222222,-0.4600830508474576,18874502.6961017
7880.882594008204,122.59016487109103,165.5060322874344,16.036051186514285,0.7643516340924816,260.80715347999194,1.9033568307835669,74.65387289721451,43.00630499958336,67397.33118644067,3914.152542372881,192749362.6949153,-2355499881.42024,-12588.688977777776,-0.4818627118644067,16130890.22118644
8353.04437212943,173.90391187191585,113.08554441777603,15.35208778127047,0.7491066990769427,181.26184423812265,1.95544104118732,76.17727443137608,49.061569758245255,51142.76752542373,3856.5593220338974,192755190.06779665,-2350166025.4856577,-14120.678322222222,-0.4965610169491525,21465442.748813555
8310.040383707843,168.879680898711,93.99872603339878,194.68395404859535,0.7648653826211647,8.533527813874647,1.0738067190135094,76.11929754908317,49.49304291806419,54184.50706779661,3874.35593220339,191879841.22033897,-2350752490.695782,-15018.083233333333,-0.5101559322033898,23781423.467118643
7773.358694574181,243.87960115673013,98.2276129801498,241.402423867815,0.3211400813391268,2.075272204928975,1.6290318254203635,74.88526855584135,48.35554536858692,50140.38818644068,3852.06779661017,193534176.18644068,-2347952761.847701,-15507.30962222222,-0.4971084745762711,26082536.56762712
7741.891424932792,140.37714232466584,166.73298506474816,247.8815550497932,0.5773570601161426,269.6473920954559,1.7671408002933708,75.258336890792,18.511570564869345,52744.138355932206,3847.542372881356,193614358.05084747,-2350693642.6461606,-11178.371677777775,-0.4876423728813558,17983576.901186436
9783.669381850454,99.29565575550129,110.0264792812474,213.4328469524831,1.3629835885190884,153.08128153609036,1.998796834733837,76.44583504812262,-7.445211326108598,115470.51996610168,4014.2203389830506,191142854.18644068,-2362582557.580144,-10142.124377777778,-0.5148271186440678,17447538.220169492
9971.20638354011,155.28896917313102,161.26467394115076,99.4108001037659,0.4992262326021685,211.2907323041688,1.987857821177966,76.43436192356214,49.17446142884276,41246.85459322034,3830.237288135593,195872491.94915253,-2345552775.9360337,-13648.200766666669,-0.5028322033898305,25168998.6140678
7782.471973541425,100.43345423852766,103.60073442949668,231.3580495020434,0.295552781799247,176.4216589265606,1.9409511369663863,76.4349705358398,48.86592015319345,42887.784677966105,3824.864406779661,193872000.06779665,-2346317603.880303,-14044.899599999995,-0.5067949152542373,24267893.933389835
8603.302566488808,199.35011353827267,179.98846143093695,130.6722951902404,0.7338250825466727,265.92705378079864,1.3544716484332902,74.7868931850764,18.40567454798399,67445.55898305085,3886.4745762711855,192765152.6440678,-2355258056.4556146,-9085.79821111111,-0.4942661016949152,15281419.447627118
9654.04286070318,78.68523310248834,164.56186598768176,225.93928974336703,1.0446021675005936,24.91582922169285,1.8900333985591136,74.95645718800698,47.48957869226664,56992.11452542372,3873.0,191915177.06779665,-2351549651.9134407,-15005.427788888886,-0.5030677966101694,23239007.425762717
8607.069612712363,69.6061155175252,132.8503694605986,227.69437429872747,0.7650061105559715,264.4414114157749,1.998269343195611,76.24719473069733,23.319968477858737,62672.30835593221,3900.762711864407,191974711.2542373,-2354334748.110285,-12038.338133333333,-0.4954338983050848,17082235.73779661
7768.474527018988,104.86639238537576,132.48835092923073,184.39573021803577,0.6958079531131037,72.37710923711224,1.9896271748025829,76.30051971155527,49.13139163800395,44531.13769491526,3835.8813559322034,194050951.6949153,-2347372992.287746,-14607.394144444444,-0.5130118644067796,24198963.50220339
7773.008892936427,97.16844815567816,130.46252516110312,249.78112272038496,0.7647006820908522,148.8713757215318,1.9767278044060217,75.62515357819296,45.2012572726043,47684.808762711866,3844.542372881356,193772738.5254237,-2348910597.258648,-14005.756533333331,-0.5019508474576271,21448232.580677968
8249.394442667775,201.9932289109296,151.951818328537,28.8124740540079,0.7698393610515674,159.6983289973842,1.9183250745108924,74.62300417664832,48.72074348408674,70929.30849152544,3928.830508474576,191658443.27118644,-2356131456.558037,-13569.899511111107,-0.5102847457627119,17885741.214915253
7764.711681654273,125.98951779198136,164.42198865833424,133.71218657593613,0.7647006820908522,197.0620363360349,1.800033737478136,76.49314056197412,49.16455191297469,44366.1496779661,3832.06779661017,194534671.6440678,-2347384311.0349765,-13565.34041111111,-0.4949491525423728,22425897.51711864
7892.495154059028,60.89133094037686,178.49157587782025,243.1718517054504,0.9384311048905004,34.327636944706654,1.977035425080192,74.78658683221181,49.841876023448464,55836.34827118645,3886.169491525424,193939834.9661017,-2351032748.344409,-15007.344922222224,-0.5382,22167490.80372881
7711.956661468118,219.0362891925118,164.92925411505476,226.1855133150308,0.7414431819786831,191.47667858412584,1.895722155271173,74.65387289721451,41.3527189160294,61691.70227118645,3892.728813559322,193950424.8135593,-2353646055.872507,-13010.085822222223,-0.4909728813559322,17009607.81338983
7727.918737622578,19.048932383465534,115.19236793422658,220.41308250297345,0.8871798225680434,258.2953705013978,1.57298390738146,75.526086567694,41.5529804206166,52770.76669491524,3852.5254237288136,194490874.1355932,-2350906934.1316485,-12342.687655555555,-0.4887186440677966,17959705.670677964
7542.683140648998,92.66754992834004,106.28370804984289,134.54462283700508,0.8652534762745606,275.2892896608192,1.976076079063969,74.80237625592909,49.56845343382077,60413.7106440678,3894.915254237288,194912072.27118644,-2352851082.529047,-13528.226633333332,-0.4548864406779662,17870995.936440676
8183.984885031663,166.15071099161884,109.40462390734804,7.400174253558879,0.2873254517985411,1.6151464938485514,1.631929535798712,74.80286485298828,49.810543818877946,56024.855983050846,3881.762711864407,191531211.62711865,-2349904318.842207,-15502.243355555556,-0.5237864406779661,26638233.49677966
9294.04962045328,95.44659946637957,106.80632486877778,225.2186269818315,1.247901227150089,189.3434650784804,1.7585683270028252,75.95217115251349,-6.87705981480708,113792.14349152542,4013.4745762711855,191124519.8644068,-2362589823.823652,-9540.12201111111,-0.5175406779661016,17019860.191525426
9418.284796531389,78.53734571851366,150.96090824472995,186.9808060795422,0.8219130942256833,167.7701684224449,1.998640087360551,74.9788765759619,48.71950373131272,54286.93483050847,3867.9491525423728,191867714.3559322,-2350682900.5358744,-14542.295588888888,-0.4989389830508474,22121012.50711865
9541.350743595318,210.3564456487718,164.92925411505476,226.14217963585327,0.7329637154928521,195.2106346548901,1.9985008658798205,74.64537518476924,47.97875235423743,65749.65708474576,3916.915254237288,192086580.5762712,-2354921921.8638663,-13506.156555555552,-0.4998186440677966,17739062.853728812
6579.545830977044,22.2167004300786,174.10743657534928,15.32088722060378,0.6700605350972223,0.7153243050053959,0.5569435799394137,74.75286327160072,49.221473490452254,47775.70006779662,3848.745762711864,193518141.5762712,-2348448748.353966,-15063.681288888887,-0.5314440677966101,24835642.7722034
7713.1865818951965,13.315559484370882,164.27255201783413,240.56266633177165,0.5676357046992696,269.55230939940435,1.9025039935610923,74.66620132208581,41.13257552062512,56084.60523728813,3868.8813559322034,194237861.33898303,-2351953204.9232354,-12345.721133333333,-0.4715067796610169,17005899.070677966
9422.510630610172,111.86907856303011,163.11973744505872,210.2855949104497,0.6901800603403855,199.1673816657359,1.471889964288614,74.80823588778141,43.49153639618763,57531.29261016951,3873.779661016949,191959022.1016949,-2352560742.2039304,-12710.406666666666,-0.5033084745762711,18712268.357966103
9144.889983880332,212.4752864782019,169.17653998585837,206.2351764513881,0.9405961447977792,263.28070909633993,1.077384588584518,74.94324653274994,36.35718534307853,65796.32137288136,3889.457627118644,191907077.4915254,-2354783872.0666385,-9635.562366666663,-0.4809406779661017,16176902.98677966
7860.636689069284,60.928320573060205,94.6500778245526,247.01404208459144,0.3155429319179907,0.8977772312855024,1.0407445179393386,76.48634854629371,49.84401109562906,42892.82516949152,3823.8813559322034,193814707.7118644,-2346206506.5632925,-15117.133422222225,-0.5159338983050847,26627953.824745767
8868.159864286104,244.3873088113297,99.3204483048697,161.07083164272728,0.3135988535017551,205.7331903226984,1.9921142591749472,75.85817467499481,49.76728731334535,46196.23572881355,3833.423728813559,192807950.40677965,-2347709339.8468018,-14014.33112222222,-0.498935593220339,23837556.66694915
7919.605513830093,26.981022215211077,98.2276129801498,51.49372831254586,0.3211400813391268,2.075272204928975,0.6239337565200249,74.74037640663803,48.7133168710592,55610.65437288136,3896.4406779661017,192571261.30508476,-2350849347.591959,-15548.921466666665,-0.5237288135593221,23980604.57372881
9474.0552671225,220.13909625125564,137.59577559596957,108.91947735093974,0.8832011016796157,223.83521160602507,1.8712980014468248,76.11244275910566,37.001300479971405,56087.38376271186,3863.491525423729,192858102.47457623,-2352113871.093622,-13104.582622222224,-0.4943338983050848,18747523.13491525
7936.927302615675,19.94687544835733,164.89517181673884,218.99158876465236,0.884968290291422,258.0609750162241,1.6513502226495833,74.65112607687132,-29.40826564977987,72469.69559322034,3925.271186440678,193827215.1525424,-2356174266.577403,-9070.48498888889,-0.4972983050847457,14397802.720169492
9144.889983880332,208.48930167825665,169.17653998585837,206.2351764513881,0.947378136903834,140.36252050622426,1.077384588584518,74.94324653274994,36.35718534307853,60931.56469491526,3886.6949152542375,191916673.8474576,-2353547630.8664007,-12551.822888888888,-0.4884355932203389,17947710.950169493
8745.43388263449,191.5557292968863,168.2236453676449,32.588001115384515,0.6040692618249023,191.47667858412584,1.8900214066725116,74.65292407920488,41.3527189160294,60932.2913220339,3881.508474576271,192642632.06779665,-2353549314.2472887,-13091.716988888887,-0.490564406779661,17685844.478474576
9496.27295743061,122.614333245199,164.4642030425818,9.385355682941672,0.90822812703164,200.1345185364068,1.974749704772013,74.7997366144584,47.60784376027193,65012.06642372881,3899.593220338983,191811763.6949153,-2354350864.662437,-14012.01171111111,-0.5148033898305084,18845319.887796607
7825.287509940374,42.34817229266003,92.09408778275534,231.173740794387,0.6840557513488587,256.1143301875984,1.941595511995896,76.4317074043662,48.71704975823184,49418.02798305085,3848.237288135593,193937525.6779661,-2349659064.761362,-13526.89872222222,-0.4993915254237288,20201852.564237293
7768.819926033674,132.40593542534128,259.7730001317776,248.6575222571049,1.7220040858336585,268.47166611607406,1.228165980471051,76.49628033489593,16.793778078659606,70827.27454237288,3917.542372881356,194153957.20338985,-2355869357.193633,-8669.920888888886,-0.4764864406779661,14369360.532542374
5774.554322883271,106.19852542867535,19.164845996916934,186.18064231956407,1.1743061171970153,263.1076882294063,1.3679393885744138,74.33931875636154,32.127148653875835,78981.78864406778,3946.101694915254,192647124.2881356,-2357895132.307844,-8148.326144444444,-0.4941254237288135,14355305.12915254
7768.819926033674,166.31895930420583,259.7730001317776,242.4526867375862,1.7222217293272442,247.69242357694472,1.9896271748025829,75.31816758630289,49.19594926859506,51134.85028813559,3850.627118644068,193964406.59322035,-2350325571.2028627,-13503.316266666669,-0.4991067796610169,19589134.6540678
7764.4343294934015,94.54275116145718,106.28370804984289,85.2186221362135,0.7052012292447503,60.01936195392464,1.9743427923882304,74.80237625592909,49.57723285330839,60854.409898305086,3909.271186440678,193809828.7457627,-2352641600.871999,-15105.757633333336,-0.5123457627118644,21520291.962711863
9681.568663473125,18.46271178672928,181.8946714293704,225.60991446728264,0.7468234735391576,21.628813267482634,1.6030586102583049,74.78392675728601,46.16406830766648,52422.56361016948,3857.0508474576272,192957526.2881356,-2350347807.355403,-15005.432466666667,-0.5239779661016949,23056384.947796613
8129.619058427406,222.02097169869137,130.49017575878372,186.06404580317064,0.9170116477554456,254.00784972111455,1.989801395445533,76.1341016999637,49.5576303337558,51105.7333220339,3851.9491525423728,192981939.33898303,-2350189374.239424,-13650.81961111111,-0.4946237288135593,20594858.307288133
8103.901041081852,245.84670108646316,181.0698735560975,249.19935038086197,1.026368176093314,211.95845477538148,1.997487005444148,74.94023733954205,31.022464057843276,62402.282525423725,3896.135593220339,191913151.5084746,-2353926107.0343914,-13021.37001111111,-0.495757627118644,17971449.458983053
7684.069592623588,237.4565726466143,159.04218757892733,147.24958551815706,0.600889992607632,22.819938016286656,1.6320533532723909,75.4219188086092,49.921396982314114,41203.267966101695,3826.101694915254,194845396.23728812,-2345483943.350376,-14817.685533333331,-0.5143711864406779,26866586.980338976
8120.514980168684,235.07028388245743,43.969665948636376,208.05322932772583,0.8871798225680434,259.8886185741257,1.6508103442831965,74.03168638796352,18.328769179957423,126758.5677457627,3997.322033898305,191781989.6610169,-2362545162.386301,-9055.453266666666,-0.488386440677966,17890582.81881356
8121.239533185269,238.5818487063299,548.334683964728,222.01492934982684,1.937069300819476,267.3318732075534,1.9760868601302133,76.12720311922486,19.025225524677484,59378.02611864406,3890.745762711864,194722851.27118644,-2353068376.3945427,-11530.518133333331,-0.5009610169491525,16163115.040847458
7739.561399893611,124.62361277684931,171.49723968860397,244.8070706699892,0.920188663503208,270.24794470270587,1.7698672007106775,76.4970349877322,25.656060130606804,56087.13045762712,3868.677966101695,193869736.83050847,-2352146315.951953,-11593.991855555556,-0.4961491525423729,16932040.78762712
7731.348883832645,189.72950369113343,151.9486310140514,227.75441429577836,0.5153119475250513,169.53475868780092,1.8568031149582944,74.62300417664832,48.71950373131272,56073.80627118644,3878.898305084746,193987225.20338985,-2351883258.14334,-13624.011833333332,-0.4877830508474576,18496816.32288136
7561.524296412643,108.48492182755956,106.28370804984289,245.6673306813263,0.8652534762745606,186.9718371834814,1.936292517915436,74.8007685366642,49.027872411307854,59166.52342372882,3896.423728813559,195419844.45762712,-2352162342.0144696,-14024.007711111111,-0.4842033898305085,18777218.868813563
8505.574790036555,112.2934965896378,185.1008596310816,232.95421819955197,0.2973089021455466,103.43212781117506,1.9858901329562728,75.23435630138192,49.65020752928271,37940.91077966102,3840.2203389830506,197001273.8135593,-2343288653.916717,-14137.606544444445,-0.5367491525423729,30247082.490677968
9298.813973274928,40.60485148989907,86.29565276924282,97.91135000218964,0.3866021194914549,182.62646134421848,1.639840306396222,76.25923969320147,46.49106089546837,52747.38344067797,3868.627118644068,191798215.22033897,-2350421605.989841,-13613.098455555555,-0.4901169491525424,21508531.22898305
7780.9423250075715,120.8768796922818,106.36488007742614,115.35612257787868,0.0250516834333866,40.66859840663816,1.999673517439245,76.17659797511915,49.57723285330839,37943.290593220336,3843.203389830509,195870429.77966103,-2343116179.361234,-14562.414088888889,-0.5328745762711864,30862994.73610169
7704.146388016486,43.387968219674185,173.83689454113025,14.404672698623116,0.6681417330302467,0.7153243050053959,0.6941781630027523,74.75286327160072,49.221473490452254,49497.83920338983,3851.915254237288,193444918.6779661,-2349196554.7861485,-15178.689888888886,-0.5189525423728814,24176510.49067797
9743.076275390333,107.8599178437466,73.28449706872482,187.43946295126548,0.0400729510877893,176.34144329264328,1.987576499334651,76.25666237494512,49.204166345661086,47840.18722033899,3858.779661016949,191898916.3220339,-2347732639.9255257,-14150.943833333333,-0.4804677966101694,25096554.625084743
8310.040383707843,93.6204715044237,93.99872603339878,59.55472448893791,0.7716944881139505,253.81532595621016,1.0576915427455376,76.05834605214058,49.4874189089221,59387.25649152542,3880.796610169492,191973726.7118644,-2352935221.1009445,-10848.73778888889,-0.4845610169491526,17885579.990000002
7372.479851728894,78.07698728107547,106.89758008544094,3.683882320378615,0.847084067742434,237.46791005868576,1.9143166896600767,76.28616254738066,39.6582173181471,59246.15713559322,3883.593220338983,191833819.440678,-2353087366.783316,-13156.784877777776,-0.4933728813559321,18745539.58711864
8503.396994126377,172.9233699097651,164.75945730141748,95.75527653285138,0.784455971043663,283.89500299093874,1.974030763677235,75.50945388789404,-0.2401468152995356,72512.98750847456,3919.661016949152,191989850.1016949,-2356871746.836737,-10276.082788888889,-0.505071186440678,15198101.906271182
7778.866788854853,96.3526517598951,82.03780579488577,244.85047113305356,0.0542833982387747,25.90297348439529,1.6013960455201557,76.48628555200122,48.481156777622985,41236.1026101695,3830.5254237288136,193913378.83050847,-2345028013.1580114,-14858.957477777776,-0.5153915254237288,27830780.64372881
8448.703873917784,208.9638397333646,163.13251243532733,218.48783605174455,0.6997416364411235,272.37141313331,1.8843341628722827,74.64997539135,38.72087485955456,67631.67854237289,3913.084745762712,191992983.20338985,-2355684602.129755,-12140.073755555555,-0.4933627118644068,16033709.67322034
7561.524296412643,120.12883901366236,106.28370804984289,242.13890422651053,0.7119935077410177,186.9718371834814,1.9525236406951496,74.8007685366642,49.57723285330839,54073.56794915255,3881.135593220339,194909534.4237288,-2350799388.2173223,-14040.974322222222,-0.4999050847457627,19742170.390338983
7674.673466983873,42.8973804327886,537.5829910359136,225.5896883723404,1.9387830099879724,251.51081295371608,1.921545038447144,76.06344675246818,19.369537795281403,60096.28891525424,3886.0,193980783.23728812,-2353295933.9691086,-11681.178677777776,-0.5249830508474577,16102625.976610169
7583.270251421089,240.60214469671,164.4642030425818,11.318260850256904,0.843826475591153,200.1345185364068,1.994842884580408,74.7997366144584,47.60784376027193,59293.7690338983,3893.813559322034,192394338.59322035,-2352838433.9704347,-14073.84198888889,-0.5105220338983051,19422013.73915254
8353.04437212943,173.90391187191585,113.08554441777603,118.71880219986636,0.7491066990769427,104.08028440342292,1.95544104118732,76.17727443137608,49.061569758245255,50546.69881355933,3855.35593220339,192821796.0338983,-2349828171.232616,-14529.201466666666,-0.5068915254237287,22804090.71559321
7776.638506044782,93.6590138762538,149.15691196684816,227.1006444411633,0.7083706208547176,180.1826780819727,1.779022581307036,75.69935236875507,39.808450380761286,47818.6990677966,3836.135593220339,193926657.16949156,-2348958773.714704,-13262.179499999998,-0.4909881355932203,20617147.173559323
9271.161693108465,124.62257315144376,77.6278371815906,147.5064161443264,0.3189105892661782,22.51242866891417,1.2332786415315415,76.43746563799013,48.9162144215693,51144.059627118666,3865.779661016949,191785246.79661015,-2349328477.1186147,-15014.574111111113,-0.5057745762711865,25099137.35338983
7764.4343294934015,107.73602343121756,106.28370804984289,86.38870468211202,0.7052012292447503,252.1626938082175,1.976027393469562,74.80237625592909,49.687276267302266,62428.27925423729,3911.864406779661,193812364.01694915,-2353491309.002014,-14021.530733333331,-0.5011440677966102,18740058.829322036
7713.417974089997,215.3514104601977,166.4446723743817,244.66344856743692,0.5627217590351274,269.5260282888857,1.9027451314647328,74.65529820676431,43.59554644505338,57246.50081355932,3871.0338983050847,193707350.7288136,-2352358825.2798133,-12596.081788888889,-0.4648084745762711,17007891.2879661
8543.997474620848,204.0866095277463,151.8492982702365,219.6012630570919,0.773269344160153,298.5698567862951,1.985921209259635,74.79462533387918,48.39034083224651,62657.92164406779,3895.491525423729,191670774.6440678,-2353691999.8567104,-13606.77512222222,-0.5074016949152542,18797441.04254237
9267.646988329676,97.54536865721649,85.03305422757603,63.65222767881249,0.2714396286994409,104.70549992825556,1.9806824186443024,76.38835612958623,46.70349977526887,49329.43986440678,3865.898305084746,191995415.0,-2348878246.861048,-14534.904577777776,-0.4924050847457628,24267861.50067797
7739.561399893611,134.9853334564216,171.49723968860397,247.5490365737359,0.9186446216085298,270.1887972422082,1.7698672007106775,76.437970049354,18.744957274900507,59356.54303389831,3875.762711864407,193896041.05084747,-2353171270.098521,-11052.935633333333,-0.5048830508474577,16110393.37305085
9762.258187213478,242.34156554048403,182.84068121746165,156.33923550378807,0.8305038884551876,262.4780974102892,1.9993870760402237,74.36939731018461,10.431600108932862,69299.19976271187,3911.64406779661,192764485.8644068,-2356109703.692358,-10536.502833333332,-0.5026338983050848,15252490.428644069
7776.638506044782,93.6590138762538,149.15691196684816,227.1006444411633,0.7083706208547176,142.08883685450837,1.9857434964516665,75.6582449465589,25.376665677752825,52582.61415254238,3858.4745762711855,193982827.9661017,-2350877890.840114,-13072.8149,-0.4931864406779661,18783662.07542373
8369.741977540496,244.8971270260928,87.81078533049994,220.6038350821123,0.0039461930291601,1.539103889082071,1.82813479048855,74.9615171263151,47.36411676620332,52579.87403389831,3874.322033898305,191841123.2881356,-2347325847.6260023,-15505.937144444444,-0.4904406779661017,29495649.037627123
7769.732128834798,169.60258075642054,138.36579203288954,241.9203398528624,0.7871256706204733,102.55411295227294,1.9891619224999215,75.28206786147366,48.957140081081576,46079.361762711866,3840.542372881356,193760546.6101695,-2348114460.206905,-14506.550244444445,-0.5063254237288136,23234226.82677966
7386.945229919424,214.26826868429288,321.28951585917,234.13409993445123,1.984087631583428,297.3973503550276,1.904866069117385,74.21973033790005,30.34481068149788,75408.69138983054,3938.779661016949,194769575.3559322,-2356538280.34834,-9558.323711111112,-0.4731813559322034,14393766.060677964
9496.27295743061,22.2167004300786,174.10743657534928,200.14322390783187,0.6700605350972223,0.7153243050053959,0.9477195106325018,74.75286327160072,49.221473490452254,51149.56352542373,3860.5254237288136,192832098.55932203,-2349689816.7693887,-15262.036277777775,-0.5191305084745762,24144732.647796616
9619.035605146828,192.19865703867063,152.14745122528842,159.85714039276084,0.5936060454970654,265.3437809435207,1.999316398923924,74.64081582058168,42.15671669688751,65699.56386440678,3907.9830508474574,191824759.54237288,-2355077404.0570016,-12659.90368888889,-0.4745305084745762,16675147.931016946
9637.959012205583,12.004652538103016,152.0844717038293,100.11558755886094,0.8021893501557817,162.8193284446335,1.98409452089681,74.84251537735095,48.71950373131272,59366.067627118646,3883.6949152542375,191678769.06779665,-2352655026.290564,-14556.927133333333,-0.5234186440677967,21015351.593898308
9540.21440278848,85.18504121519176,174.10743657534928,15.82424320977825,0.6714165873368639,149.47425106906513,1.9814129952530872,74.75286327160072,49.221473490452254,52277.22696610169,3865.779661016949,192742018.22033897,-2350438593.679027,-14514.677811111113,-0.516793220338983,21563027.813559324
7775.102314713643,110.96965844642015,132.0990574295754,248.88499571014887,0.7647006820908522,148.09216247365208,1.9735132372465007,76.45576300375409,49.28355375217647,46197.55242372881,3836.6101694915255,193895466.6440678,-2348222532.1573176,-14278.596255555554,-0.5080305084745763,22443706.330847457
8627.309526399156,26.247121879338025,161.34504457791994,114.86075194207514,0.7300681892071638,277.1410743260552,1.9664237375307023,76.39511094433557,18.187525104493,59228.66837288135,3872.322033898305,192974635.01694915,-2353193395.25196,-11569.543644444442,-0.4948474576271186,16965654.94847458
8701.803170594902,37.716727152677166,46.275535837200025,7.068731912770275,0.8885582622816519,209.55130790161087,1.767833686000804,74.4468186440586,-0.0755700166513193,128283.55605084746,3998.101694915254,191087160.2542373,-2362611155.142986,-10007.144177777776,-0.5019694915254237,18360625.78847458
9842.164014577222,166.82580564655234,100.6308023645232,188.8377236455344,1.7119704141235506,145.60404978588127,1.8787765584138167,76.29026490897355,-0.754305293770539,117817.27494915256,4010.152542372881,191136618.6949153,-2362508955.5595937,-10542.301666666666,-0.514042372881356,17976538.674915254
9741.590095413918,159.36786054197722,160.11186313330217,224.6207696385504,0.3853278300086178,261.47558274953724,1.941521745221641,74.61592311356995,45.89560518555312,54438.21772881356,3855.932203389831,192903388.22033897,-2351402557.239556,-12637.780866666664,-0.4649898305084745,18656065.307288133
7764.4343294934015,173.31157477416835,142.40126384943753,183.3284020967149,0.7697823944404094,145.9417964761413,1.9758342393188977,74.80237625592909,48.90653556703882,55292.88674576272,3888.06779661017,194302476.79661015,-2351088529.9647894,-14607.713966666666,-0.5079440677966103,20547364.778644063
8835.0366669958,88.74294594438089,88.2298765010886,152.35514149319175,0.4038827931579205,148.6717949073463,1.6519893371711152,76.23050227125684,48.18989593088018,51149.82625423729,3863.0338983050847,191946770.18644068,-2349849617.221572,-13980.708655555554,-0.4961661016949152,22365742.701186445
9737.51918312016,60.6198619342384,102.73560276467548,187.79023320056396,0.3685011730340355,105.43317644075331,1.9700884839911987,76.37045734699116,48.8152708462659,46195.28647457627,3831.6101694915255,192926121.54237288,-2347711388.4900246,-14546.706455555555,-0.5031559322033898,24841323.004406776
8567.743756364858,222.2981332285444,196.7363033528209,148.0709192690725,0.8354767387464079,213.53074389803044,1.980318284260114,74.66060057836108,49.84502774423378,61600.66706779662,3889.06779661017,193248171.5762712,-2353607552.038566,-13555.637411111113,-0.5093491525423729,17974349.587457627
7715.179160415791,206.4395808837728,169.81263760210635,244.3081135260482,0.7656874692368083,271.2633704011077,1.575146965889901,74.65529820676431,44.456848289513175,65177.60923728814,3897.4745762711855,193871382.30508476,-2354639661.401527,-11098.751844444443,-0.485564406779661,15241592.262881355
7652.619072037685,203.6674004325456,138.01316972185327,194.3113316146653,0.7427301281067663,226.8616672689937,1.8698100773137667,76.47199085216236,49.16553259302989,46035.93211864407,3835.915254237288,193976229.08474576,-2348189149.9693804,-13576.493588888889,-0.4967322033898305,21546702.978813555
8607.069612712363,69.6061155175252,132.8503694605986,227.69437429872747,0.7650061105559715,264.4414114157749,1.998269343195611,75.3437213158104,23.319968477858737,63021.12023728815,3898.9491525423728,191817445.6610169,-2354359371.348108,-12038.338133333333,-0.4869169491525424,17098322.71152542
7772.249023373859,243.87960115673013,99.7583188178696,241.402423867815,0.3211400813391268,0.6377727764782554,0.6031928946271522,74.89548919460363,48.35554536858692,49394.22752542373,3853.5254237288136,193683288.1186441,-2347670355.083323,-15507.30962222222,-0.4895440677966101,26267913.432203397
7824.462749832644,114.74253757967206,103.57522174798332,169.48662772064253,0.9099687202690434,179.3559787847189,1.9331596125692965,76.44513248232806,48.73049653919168,51079.02142372882,3856.4745762711855,194173193.4915254,-2350164937.3949885,-14015.110622222222,-0.4986084745762712,20424627.12779661
7500.850245916328,102.69890902626769,140.13685912073834,188.267673118568,0.2870425599287438,30.573597267247894,1.670725414675724,76.34699913238804,47.55069359117545,39476.99459322035,3827.0508474576272,194818522.37288132,-2344114330.9750056,-14608.939399999996,-0.5263796610169491,29141431.83457627
7783.200219976388,110.20196557795096,104.48909675284774,88.95679512968212,0.2591714999310606,272.9088396545259,1.974633741121196,74.65308688454289,49.706352276636544,56023.98127118645,3881.406779661017,194884897.5254237,-2351987045.2672687,-13100.865355555556,-0.4825271186440678,17984864.089491524
7711.933247685687,207.73747969831743,480.6493954920791,214.36879266794824,1.9934486815500816,254.8248725205674,1.2068973168979626,75.67933528364252,10.341884178631153,70704.1825762712,3913.169491525424,193992202.37288132,-2355594140.5848546,-8188.421233333332,-0.4966728813559322,14279274.137288138
7885.242636825599,245.1591405270388,164.5633774983898,240.344992500518,0.90822812703164,203.53869973087168,1.963251258239304,74.7997366144584,47.60784376027193,63870.05271186441,3898.237288135593,192430622.1016949,-2353739433.2078247,-14001.286888888888,-0.5046237288135594,18780159.909152545
9806.894284629569,36.31349589822663,19.674171181646862,166.7791942988474,0.5025965200837955,244.3334738930482,1.5201159854233537,75.50458920498221,49.16412983232458,83683.68006779661,3934.152542372881,190967814.23728812,-2356269597.4984574,-13063.13012222222,-0.4665203389830509,19796747.528983053
7466.922402723482,210.20223130977723,166.52287311434426,244.66344856743692,0.7662892544975364,271.2633704011077,1.896229596364498,74.65529820676431,41.34868674624173,60959.86484745763,3888.135593220339,194789395.54237288,-2353410780.39898,-12119.619333333332,-0.4859542372881356,16043690.185932204
9833.55160132971,210.3564456487718,164.92925411505476,226.14217963585327,0.5210290831795495,195.04917019693409,1.9985008658798205,74.64537518476924,47.97875235423743,57070.43864406779,3870.627118644068,192625396.1525424,-2352333487.459508,-13548.9035,-0.508593220338983,18899351.70050848
7715.179160415791,206.4395808837728,169.81263760210635,244.3081135260482,0.7565342090997785,271.2633704011077,1.897439340626677,74.65529820676431,44.456848289513175,62446.15150847457,3893.762711864407,193803058.0,-2353960451.48084,-12528.116588888886,-0.489564406779661,16128125.47237288
9752.424123747389,166.82580564655234,100.6308023645232,249.54881693894845,0.8153756195894039,170.48163985310217,1.8793300155840336,76.29107307300843,47.333288193490674,55854.12925423728,3873.9830508474574,191970426.8983051,-2351732301.2015696,-14074.525766666666,-0.4999169491525423,20611563.51728814
7458.393216361732,239.3797244638345,151.57967716417707,226.78370045884267,0.5158702897119674,170.02815003817898,1.860553649588917,74.62300417664832,49.44026118822149,54398.68976271187,3871.406779661017,194431037.98305085,-2351259446.564269,-13550.904733333333,-0.4924949152542373,18629561.237457626
9658.802164838417,105.64810776446326,101.03923635833792,68.0658883245747,0.4141241703735884,154.1227689310583,1.788071766813961,75.62172248697468,49.428235752104776,47734.80227118645,3843.745762711864,192771403.6949153,-2348525280.1669564,-14018.450777777776,-0.4993440677966101,23226096.462033898
7764.4343294934015,94.54275116145718,106.28370804984289,47.96288832974687,0.7052012292447503,60.01936195392464,1.9743427923882304,74.80237625592909,49.57723285330839,65545.42516949151,3919.9830508474574,191998235.77966103,-2353903872.667935,-15105.757633333336,-0.5309423728813559,21585978.59050848
9398.595362761662,95.52457760389834,194.10988672067248,234.89274001557567,0.7647006820908522,0.5,0.5279142098799148,75.34804782256205,49.62214325984413,41237.659525423725,3821.627118644068,195883890.4237288,-2345553054.463651,-15009.287533333334,-0.5076355932203389,26987218.715593223
9496.27295743061,132.46657692280462,164.4642030425818,9.385355682941672,0.8427615784645331,201.2666312381472,1.9449815853603607,74.7997366144584,47.63077796585295,61020.71691525423,3893.491525423729,191924313.6949153,-2353254214.7663245,-14092.621277777776,-0.5121966101694915,19344488.510677963
7967.59136858573,106.27220532770087,164.61246166969738,39.56474708150252,0.8896026782990816,258.2953705013978,1.6513502226495833,74.6543658401693,41.32928237090001,73420.29538983051,3938.796610169492,192611167.440678,-2356990966.326005,-11552.665044444442,-0.496028813559322,15299123.879322032
7683.763755962164,244.041595683939,141.81380834824978,122.0633720084826,0.643481309325979,48.20905955148779,1.891063902152484,75.38599610702506,49.88395469241579,42890.596864406776,3831.762711864407,194786705.33898303,-2346509920.6290307,-14725.754366666668,-0.501422033898305,25419643.364406776
8016.445944913717,119.18558485787024,534.7372348660151,199.4636788613777,1.9931851021531093,244.3953384779082,1.9707528205190037,74.98418262442625,49.64472691443222,47829.08269491525,3840.084745762712,194862277.8474576,-2349042748.8485947,-13570.4308,-0.5014576271186441,20558229.56711864
8179.072654494749,216.3692432310466,98.2276129801498,106.70256803471716,0.2693819668014725,0.8477358766948839,1.3008905335564376,74.73961158857965,48.7133168710592,60875.17027118644,3896.6949152542375,191784739.94915253,-2351447866.7502007,-15525.76853333333,-0.509664406779661,25188281.818135597
9202.784576633449,208.8304547905096,162.86745833646802,226.22986696680263,0.6997416364411235,283.96282395766525,1.815561085596496,74.65387289721451,-10.191003838179668,70570.69015254237,3915.237288135593,191942020.1525424,-2356283610.9209948,-9573.59531111111,-0.5052576271186441,15132869.041864404
7772.249023373859,243.87960115673013,99.7583188178696,51.59115681927445,0.3211400813391268,0.6377727764782554,0.6031928946271522,74.89548919460363,48.35554536858692,51463.76359322034,3865.9830508474574,192585825.45762712,-2348747437.352227,-15507.30962222222,-0.5006966101694915,26165581.2259322
8199.701330431131,156.4723556876351,164.92925411505476,225.4425612466434,0.7386905564215795,190.6771165178417,1.8933655726076788,74.65387289721451,41.3527189160294,66364.46977966103,3912.3898305084745,191965546.18644068,-2355114574.664149,-13033.097655555555,-0.4909677966101695,17077650.335254237
9806.894284629569,42.416160606131626,21.4906126963296,143.66555008414198,0.5736872820588031,273.7041820342895,1.9143931877859648,75.50458920498221,48.7273348846952,82488.37140677965,3933.6949152542375,190988304.33898303,-2356034045.36343,-13613.03978888889,-0.4720423728813559,20336322.989830505
7849.484747376724,36.38968241986532,94.80798032229286,245.51701597997848,0.3858739276443914,10.413249460098328,1.6172801766351983,76.25923969320147,46.40129641243629,44526.200762711866,3838.9661016949153,193827268.37288132,-2347208745.152915,-14815.728377777776,-0.5098508474576271,25100460.670508478
8683.956650464223,125.20050019608696,77.6278371815906,74.17999053028952,0.1240098378909774,22.51242866891417,1.9391127751204984,76.2976894272304,48.9162144215693,47253.555016949154,3856.271186440678,191988357.4237288,-2347477371.1381783,-15026.532366666668,-0.5026338983050848,26978393.933389828
7685.255701144074,42.8973804327886,559.0401195494034,225.5896883723404,1.9387830099879724,251.51081295371608,1.2812632984035692,76.06344675246818,19.369537795281403,62681.75788135593,3885.9830508474574,193933960.55932203,-2353809098.825449,-9421.972166666665,-0.5136559322033899,15283208.150677966
9556.54412740371,220.98206179972107,161.27146764308193,244.3081135260482,0.7565342090997785,271.2633704011077,1.897439340626677,74.65529820676431,44.456848289513175,69627.20340677966,3920.542372881356,191929218.1355932,-2356122828.104368,-12529.2455,-0.484628813559322,16162199.823728817
9807.211798182145,36.31349589822663,19.506778492179528,162.3656977444528,0.4491205085012558,258.1263477164952,0.9237201706095878,75.50458920498221,49.942207181658,86381.7127118644,3942.593220338983,190993912.76271185,-2357229254.38926,-10073.94231111111,-0.4592322033898305,17943947.64
7542.683140648998,97.43216441740398,106.22083601186227,143.5560304402619,0.8652534762745606,198.95067671852297,1.976076079063969,74.79295871104407,49.61503250058066,60586.66494915254,3895.898305084746,194985607.62711865,-2352651498.467781,-14084.60772222222,-0.4672169491525424,18517697.354915254
7660.110885885744,249.96047653459087,80.35418227045015,224.39229953437865,0.3313549271817668,0.5,0.5001825705614446,76.5,50.0,44542.61389830509,3838.508474576271,193836200.88135597,-2347087094.3259983,-15045.466355555553,-0.5173610169491526,25697644.91644068
7180.317937391383,76.00077953562158,81.99745227369577,11.055394602253893,0.1762310654100562,1.8480827768445207,0.6600557634746785,76.4358518525249,48.58361478210311,44504.08511864406,3830.423728813559,192870808.59322035,-2346459366.1609235,-15014.860466666663,-0.5121745762711865,27600814.520677965
8129.619058427406,222.02097169869137,130.49017575878372,238.1529034444136,0.9170116477554456,257.4005113560534,1.020489425053934,76.12987081401069,49.5576303337558,55427.41630508475,3858.6949152542375,192924077.08474576,-2351554506.8189454,-10557.069488888888,-0.4815338983050847,17931196.970338985
7715.179160415791,206.4395808837728,169.81263760210635,244.3081135260482,0.503477621475113,254.93976249963504,1.897439340626677,74.65529820676431,44.456848289513175,53231.18438983051,3858.9830508474574,193614127.5084746,-2351120892.914681,-12797.861100000002,-0.4783576271186441,17947357.885932203
9801.874326388504,107.71091945386075,158.60027847883052,9.22064892635023,0.9020372649552862,257.25850240207427,1.9677317249513535,76.3888476122275,23.319968477858737,61023.13364406779,3880.542372881356,192765689.76271185,-2353768309.343002,-12067.682688888888,-0.496664406779661,16980694.75135593
8205.361047007684,60.080006383378056,14.0140490118007,107.02429888933533,0.3861630008401845,182.44248334760564,1.9914135732957696,74.62893478101338,18.24118229330025,141532.19133898304,4001.932203389831,191278884.37288132,-2362534150.4779654,-11104.528633333332,-0.4816338983050847,19771084.851694915
8117.470708346114,248.3504990858248,165.89816041619775,208.9349942787466,0.90985947323892,288.1334607664152,1.6513502226495833,74.65112607687132,49.32580868023239,75839.1346779661,3936.3898305084745,191867065.5084746,-2357539321.6744323,-11191.5311,-0.4953050847457627,15144429.22322034
7928.241489972368,26.981022215211077,97.44305250185371,66.29557573074837,0.320506363185679,2.075272204928975,0.6239337565200249,74.78368138465245,48.62941301302521,53307.38047457627,3878.2203389830506,193447512.22033897,-2349880722.9271,-15512.317777777776,-0.5330169491525424,24827436.937457625
9512.702668063705,207.0352141723007,161.2483581916207,107.96153894882244,0.7367412997094024,275.38123396806225,1.980770969944254,74.97683947760908,18.119305284552183,62695.78416949153,3894.915254237288,191953328.40677965,-2354265704.166382,-11704.862466666666,-0.4962677966101694,16878452.564915255
9592.989209376576,221.9763346882482,158.1616332191419,150.93819234737109,0.3128028316015338,221.67259700349732,1.9964278726059863,74.62633973658045,48.76083695050959,49220.23716949153,3841.237288135593,192961949.88135597,-2349328436.8406267,-13567.174944444443,-0.4835627118644068,21245054.22169492
7683.09733375141,250.0,80.35418227045015,248.86956931990895,0.0,0.7425529058292533,0.5,76.5,49.99591162112269,40590.15518644069,3833.4745762711855,193852522.83050847,-2344484750.3219275,-15038.272866666666,-0.5075084745762711,29194543.7859322
7694.794118472174,106.27220532770087,165.39655407593636,39.56474708150252,0.8896026782990816,258.2953705013978,1.6652100665393732,74.64660354687271,41.32928237090001,70444.6322881356,3921.084745762712,193483840.8983051,-2356290682.646664,-11512.3059,-0.4876118644067796,15208435.29559322
8378.028683741437,247.20337949887264,112.7065244882856,5.888809284650392,0.9407793162298826,204.27260094018007,1.9834661966446543,76.17455538366393,49.0518939987993,54421.97566101695,3871.932203389831,192400725.8135593,-2351378911.399966,-14038.906188888888,-0.5030830508474576,20483986.024915256
7895.116327454179,220.02269868273817,98.2276129801498,54.42179731229261,0.3282389782604198,2.075272204928975,0.5478713868165365,74.74037640663803,48.7133168710592,60220.22606779661,3900.271186440678,191839863.16949156,-2351748358.836468,-15534.53728888889,-0.5159983050847458,24193706.57
9801.015479790349,249.29323024640803,100.08994781321285,234.22264899340192,0.3816461030606709,18.86427908740183,1.3588608627577454,76.43458299177044,49.91895469784532,46178.684813559325,3838.71186440678,192918189.7457627,-2347546584.901617,-15026.4923,-0.5095000000000001,26079577.51779661
8730.722334493594,249.7325489811204,130.49017575878372,25.133345864045747,0.9117482013578486,282.3746575765465,1.9378735693972164,76.15803372116494,47.134407062162765,52722.19013559324,3854.508474576271,192981102.59322035,-2350882617.390183,-13273.485888888888,-0.4922559322033897,19764328.4879661
8418.136473833183,210.26561701252663,21.4906126963296,144.82753486050154,0.5736872820588031,273.09018202141783,1.9143931877859648,74.65507947904324,48.97506571543728,143422.8699152542,3997.64406779661,191087654.76271185,-2362512711.059709,-11225.116377777777,-0.4772542372881355,19795737.02305085
7684.069592623588,248.3283032134297,159.04218757892733,118.70777833528048,0.600889992607632,257.1777495618773,1.893904540373045,75.12827204834397,49.9775159810392,42873.99355932204,3825.830508474576,194933860.4237288,-2346479798.269218,-13431.842733333331,-0.4990983050847457,23380548.58440678
7895.464254601109,94.68894867335656,166.911645465885,245.4619738814405,0.5080093344352379,33.98843845398827,1.5181767524960863,74.65387289721451,47.93058255444454,51079.979389830514,3869.322033898305,193745157.5084746,-2349748978.518564,-14505.862611111112,-0.5030423728813559,22322232.5620339
8397.328270811387,206.4395808837728,164.284301543694,207.93887389228885,0.503477621475113,254.93976249963504,1.8471201835659876,74.65529820676431,44.456848289513175,57714.752593220335,3868.237288135593,192668617.27118644,-2352682900.2127147,-12646.287355555556,-0.4812694915254237,17590060.62830509
7493.218024828157,27.846142365095705,149.48692718683066,133.53018969462107,0.4561455506693062,1.642983533431443,0.5682972874499331,75.23478798169536,48.67946507131546,39599.9852881356,3820.169491525424,195505000.5762712,-2344433031.220436,-14794.25532222222,-0.5256949152542373,28688653.5061017
9678.036803367582,86.5564504694897,189.5506722362597,221.5832500761544,1.2023973404148085,286.6081658657821,1.526913892192202,75.33710049182109,18.447517931802288,68063.51284745763,3898.8813559322034,192683574.6440678,-2355763702.8657675,-10092.413077777775,-0.4938355932203389,15243881.27677966
7711.956661468118,219.26680702162847,198.68151811536487,242.1690175524375,0.7411905779403296,180.66141086622343,1.895722155271173,74.64109234495625,41.33757622188243,57528.19645762712,3880.0,193783824.6101695,-2352460214.035305,-13079.909744444443,-0.4975203389830509,17510291.57677966
9462.638129899591,94.74811947702138,99.7478804154026,238.1793107887016,0.6178203884835856,148.63611975769422,1.9892651099365528,76.2478586181246,43.36564180490296,54449.33166101695,3875.135593220339,191924007.45762712,-2351241315.3400693,-14188.252477777776,-0.4966661016949152,21159712.927457627
7676.226155082068,42.8973804327886,550.5992968686455,225.5896883723404,1.9336878647138125,248.35998836539827,1.2812632984035692,76.06344675246818,19.369537795281403,62590.39069491525,3886.338983050848,194164457.20338985,-2353778936.923114,-9574.55612222222,-0.5121932203389831,15284141.560847456
7771.279416687786,94.54275116145718,104.08102340646252,48.83998854757287,0.7144283416481755,165.5534351910193,1.955594420287093,74.80170209991222,49.55396894907277,67243.56388135593,3924.237288135593,191945051.8135593,-2354627194.8764577,-14521.5897,-0.5248372881355933,19688840.53322034
7698.129325073171,126.62066085651068,169.81263760210635,244.3081135260482,0.7648973386219262,271.2633704011077,1.575146965889901,74.65529820676431,44.456848289513175,64231.21044067797,3894.915254237288,194310460.01694915,-2354297090.5540786,-10843.598899999995,-0.4856542372881355,15231599.559491524
7542.683140648998,92.66754992834004,106.28370804984289,134.54462283700508,0.222259883811646,273.89043533381493,1.9888308914989783,74.63577755445978,49.57481112951282,50852.99379661018,3856.35593220339,195724060.6779661,-2350256729.2483816,-13056.324277777776,-0.4781423728813559,18572903.011864413
8251.304784267844,115.4354127043475,163.11973744505872,210.2855949104497,0.6901800603403855,244.3336491721021,1.6255765868410412,74.93689993284721,12.793442458064725,64852.112152542366,3904.661016949152,191939346.08474576,-2354861435.9450064,-10527.316888888889,-0.4884593220338983,16098169.935254237
8721.543458625632,70.20611427689715,101.03923635833792,241.8594078101544,0.8739219971173261,255.05272080281668,1.8291769340519024,75.61828943620587,49.64307504697774,56038.79081355932,3871.9830508474574,191999694.88135597,-2351892814.5047107,-13592.970022222222,-0.4947796610169492,19791663.675084744
7928.168680051475,26.981022215211077,97.88635516416252,115.1617418238278,0.320506363185679,2.075272204928975,0.6239337565200249,74.78195197762909,49.345255210683256,51046.0809661017,3875.3898305084745,194667088.0338983,-2348907404.887268,-15507.30962222222,-0.5267254237288136,25072092.20101695
9694.84329426016,13.24123115527702,94.9458109983763,142.47250872471594,0.507067194062772,231.8760592301716,1.964779711951308,76.3710568796686,42.89051855636328,54443.14101694916,3873.8813559322034,191817264.1016949,-2351223346.49244,-13601.715611111107,-0.4875322033898305,20498125.29559322
7764.4343294934015,94.5582697849018,103.81642086757223,85.2186221362135,0.7144283416481755,168.4480220551947,1.968953581170401,74.80237625592909,49.55396894907277,62671.12337288135,3913.915254237288,193525277.20338985,-2353405547.9280577,-14516.27542222222,-0.5075338983050847,19578124.61135593
7892.495154059028,21.26422490022709,178.49157587782025,243.1718517054504,0.9384311048905004,34.327636944706654,1.977035425080192,74.78658683221181,49.841876023448464,53533.886355932205,3872.762711864407,194245415.6101695,-2350486511.1855545,-15007.344922222224,-0.5402440677966102,22346608.39661017
8710.250086160791,81.14651818319766,101.45739729986788,249.93154388154,0.4006018933544197,97.122585972916,1.95369957554635,76.31403360018855,36.4347759290837,52797.468593220336,3869.3050847457625,191924990.6949153,-2350509095.8977,-14033.461122222225,-0.484828813559322,22074156.98135593
9551.253101303824,47.02986197674714,164.3184436986602,164.15177009357637,0.8312514109129602,257.60091014144405,1.9993870760402237,74.24627646762657,41.50486856400259,73773.20123728813,3927.4406779661017,191947609.83050847,-2357214745.0052304,-10581.180911111109,-0.5025694915254237,15258898.632372882
