wetIndicatorThreshold,wetConfidenceThreshold,C1,addC1,P1,C2,P2,dryLevelThreshold,dryFlowAdjustment,Coastal Impacts: Upstream Buildings Impacted (#),Coastal Impacts: Downstream Buildings Impacted (#),Commercial Navigation: Ontario + Seaway + Montreal Transportation Costs ($),Hydropower: Moses-Saunders + Niagara Energy Value ($),Meadow Marsh: Area (ha),Muskrat Lodge Viability (%),Recreational Boating: Impact Costs ($)
7821.139923119528,79.72294973999901,43.71032084103717,250.0,0.0537645524610962,2.62885844059415,0.6448576727838422,76.48374993888258,46.75314707564367,47759.52938983051,3854.8813559322034,193980580.1186441,-2348461719.652544,-15025.785655555555,-0.5118050847457628,24390003.580338985
8321.9406085865,162.37901299666603,189.43308815803545,58.96578633014354,0.8745288976953534,238.63040775883812,1.9543237854570048,74.02658696195616,12.88830323016839,69276.72711864406,3911.9491525423728,192823018.54237288,-2356102839.6822014,-10636.266966666668,-0.5034932203389831,15263910.66576271
6348.188722000381,39.39758002850031,230.00482046998016,22.9940186938264,1.6155752073598766,209.50140279540773,1.927925929183967,74.93975645340426,49.76889448008813,59295.476711864416,3884.6949152542375,192902487.3559322,-2352934703.4005837,-14070.223433333333,-0.519377966101695,19643686.54186441
7029.690038452693,214.8333975846957,219.3377989478566,97.3182074861645,1.631235674737595,253.11923324115864,1.8588724399425176,75.22444337948838,13.034060691047436,65962.65681355933,3897.9661016949153,194559997.1355932,-2354978367.4112573,-11169.501333333334,-0.4872677966101695,15284777.812542371
6594.746550023073,73.97206644618662,87.63374468067926,16.12580021529238,0.4132423147616918,185.799490804518,1.8610205131212467,76.11428423224352,49.86158347334351,47121.36357627119,3837.4745762711855,192956807.4915254,-2348259994.3490944,-14074.109555555557,-0.4975084745762712,23143710.610508475
7387.245707533822,108.95833775172304,87.84885668238091,113.2411412506108,0.0885992202340666,156.80645323076044,1.9844688376725368,76.4044963272216,49.78115115055862,39506.9303220339,3828.9661016949153,195639222.79661015,-2344400185.9859805,-14032.218555555555,-0.5050254237288135,27254351.5579661
7122.409760592634,225.1651173660222,147.18854920739895,19.533224985542105,1.0275925737028324,264.3643205686438,1.9002700106048804,76.49887862542245,5.492208857415173,75879.32618644068,3936.677966101695,191954055.3220339,-2357754576.085043,-10570.995266666669,-0.5054983050847458,15157089.98305085
7731.5781653695985,104.84906889809888,62.972713328499104,11.811070810709356,0.0041427950163879,174.22153237349983,1.887721870378411,76.02239758175772,47.15070352639488,49474.50161016949,3867.101694915254,191825720.01694915,-2348578295.9061,-14056.001655555556,-0.4800508474576271,24000200.216271188
6280.481106213239,213.89043637125283,165.3478603209067,80.02517734994962,0.922900664659293,271.8730032742409,1.9607420834625275,75.95099387018291,50.0,42863.37549152543,3826.0,195795045.47457623,-2346533447.4776564,-13409.683211111109,-0.4922050847457627,23324240.80881356
7908.584767614021,150.83142077436668,86.86031540003358,15.267573268971134,0.5700149065402733,7.663206706392444,1.7128447034258731,76.47785725332488,47.16734446350208,52783.54401694916,3867.271186440678,192136433.9661017,-2350247414.24362,-15007.941044444444,-0.508528813559322,23985208.529661026
7720.782880746629,196.1393286125444,128.2813930396425,91.38691815329908,0.4382011400912381,37.20320087754877,1.992321885555172,76.35204536153532,49.40286257954659,41197.33030508474,3831.0338983050847,194891430.1186441,-2345488659.3107386,-14773.140666666666,-0.5131322033898305,26812995.72576271
6104.083120121708,152.37857764527973,69.06503169142592,34.67949635088536,0.8591396715513009,223.7258440241316,1.4403088556025874,76.2298420774739,46.90139363919179,57530.893220338985,3877.169491525424,191970037.1355932,-2352529413.3160663,-12662.67302222222,-0.4876847457627118,18822539.0559322
9680.004366883344,127.84574142305368,82.36099247302724,43.98246428478654,0.3684518141268703,128.94830281042772,1.962458124247892,76.39485462538713,49.92638964010454,50758.16745762712,3865.338983050848,191856134.7457627,-2349484796.4217176,-14585.21211111111,-0.4977966101694915,23622778.926101696
6965.855080069061,224.48410570493064,79.9761248443017,62.07757157358567,0.5092703744151132,236.4726031973196,1.6802612554003162,76.45166199419879,21.99718953937576,56055.5150677966,3856.6101694915255,192916567.6101695,-2351992346.3788776,-11586.824077777776,-0.4859389830508475,17958408.268983047
7526.919466836875,53.37571492081652,145.873535896794,70.26018184535107,1.2676161205516006,228.6730582133596,1.8201106513897212,75.78889145012637,42.95602905849066,52785.06950847458,3856.0,194759761.9661017,-2350997593.719537,-13092.2983,-0.4889881355932203,18676665.743898302
8505.362450008251,142.72764612972546,74.95897883929803,225.9327550590177,0.001988256668939,254.7786839401412,1.995104143695372,76.25989010930381,47.70734973722854,47831.70461016949,3858.796610169492,191959086.33898303,-2347678445.235355,-13568.687977777778,-0.4800067796610169,24609560.877966102
6300.954694231263,16.923515316294242,87.82202803922391,126.34423587630693,0.462688176749298,18.85496686372323,1.994299283021488,76.36797654215638,49.92010017684701,37941.69191525423,3824.6101694915255,196663212.6610169,-2343315614.198775,-14622.015788888888,-0.5391677966101694,30732323.988983054
7893.373685834865,238.1234881673637,117.83015268332456,26.10890289601641,1.3645234065839382,212.99273428391336,1.8626291226925007,76.47551674218943,37.97012264924326,65967.92689830509,3903.016949152543,191926732.45762712,-2354965806.8760448,-13096.683899999998,-0.5098152542372881,17899867.674915258
5838.4925136202455,189.02061769809143,146.973798411399,43.794686357756646,1.0845867825083642,138.24170460267777,1.9003628042780725,76.48305965990079,49.98691949613338,46186.98108474576,3835.508474576271,194827726.30508476,-2348332097.4298406,-14105.216933333331,-0.4944118644067796,22356046.308813564
8685.947205246886,134.62589298581108,89.23921226012851,55.405293846085776,0.5685190737773043,135.95164170627288,1.7511530273288454,75.7371186673466,49.96739766438493,52783.97410169492,3870.508474576271,191867686.4237288,-2350481565.355202,-14390.220244444445,-0.4998254237288136,22292279.494237285
8101.9309323984035,200.82532324516652,179.40564644043465,0.0,0.8728582761998718,246.4814547874223,1.7922278376645344,74.63285826116405,49.29079349239567,69263.3996440678,3921.779661016949,192428310.6101695,-2356044346.8899465,-12523.361,-0.483728813559322,16035498.32084746
7496.104077962983,225.54909000768072,236.2622066536809,34.766689379663326,1.3341791570572938,158.89566350390072,1.9713480619781156,75.0324879727354,48.010476715404735,47816.760457627126,3837.2203389830506,194770310.01694915,-2349079151.238435,-14062.856999999998,-0.4879050847457627,21236799.95728813
7526.542507926291,75.17067727853939,194.1487902998981,34.52724706610354,1.5973363451062943,249.46289911458703,1.4521418753792985,75.13537548146232,41.67604825242387,59381.98966101696,3887.576271186441,192969908.27118644,-2353366554.712249,-11920.210088888887,-0.4887016949152543,17050169.9779661
9186.160172393576,130.80195499516626,271.65695396403123,3.167667921106567,1.4196549163958485,118.52164754970362,1.973357994868708,74.83395727749078,49.248647309666055,57201.76827118644,3873.728813559322,194170249.91525424,-2351864826.7750645,-14514.19623333333,-0.4966881355932203,20448867.03118644
7865.637430358495,240.97280689688984,80.46115374646631,244.2218924687398,0.0700146117707244,259.77095448257865,1.993955860482303,76.25496053860498,47.70734973722854,46168.193966101695,3850.813559322034,192889162.22033897,-2347126722.54056,-13533.485655555554,-0.4829016949152542,24205943.20101695
6760.282714830763,177.35266565940125,137.64831767975667,16.409836846790036,0.4378913221915578,28.791074361063885,1.9689289122105849,76.49823514703408,49.639495276922354,39580.87457627119,3827.542372881356,195905535.91525424,-2344457965.912282,-14765.477188888888,-0.5145305084745763,28618987.078644074
8902.195993607458,145.34075350285613,295.4161336558854,60.93547688884647,1.8966958247054075,218.2579374682905,1.676396226325006,76.21812132410942,27.994791240318968,62676.49676271187,3886.745762711864,194269791.6440678,-2354091938.3791184,-12005.2576,-0.4874271186440678,16170958.260508474
7787.605483592776,200.82532324516652,183.3124886982931,0.0,0.7747328941169861,153.16362056174867,1.735850873708625,74.63285826116405,49.29079349239567,63113.68911864406,3892.1186440677966,192899371.0338983,-2354087462.026988,-13503.680788888889,-0.4926711864406779,17979929.195593223
6012.625395769045,110.57872056247776,101.18542944808225,23.99302988531476,0.7751876766138914,270.34219625035394,1.5445435548521194,75.95368391830442,43.61017407196217,54157.60023728813,3855.491525423729,192922146.18644068,-2351374792.6522746,-12231.8844,-0.4915745762711864,18890695.398644067
7063.560556457747,160.7293219545666,182.7053454123036,22.91038863727933,1.108363201862388,10.92472391092106,1.993021134055346,74.81977161173143,49.33981391794427,58444.55086440679,3895.06779661017,192927478.06779665,-2352083789.447498,-15002.450666666668,-0.5114271186440678,22255029.46016949
7739.561928236112,208.5965472992036,68.16398262882741,91.23241333086798,0.2420806077427939,43.432498967869336,1.992321885555172,76.47943121123629,49.37096500340339,46164.98357627119,3848.830508474576,194575790.6440678,-2347681009.282659,-15001.411477777778,-0.5076101694915254,24930898.92610169
7887.377913373919,132.0607664049087,0.7420696495126435,67.25033728817452,1.9387738667226275,120.9167099339698,1.9756925369347929,74.72860474715209,5.4772991918007925,147739.59928813562,3998.677966101695,191166550.1355932,-2362605220.760742,-11027.043033333332,-0.5004661016949152,20479605.535593223
7475.419573566432,189.96638384181225,83.31682241799649,15.267573268971134,0.6253622887667167,251.42964362922413,1.716175192112117,75.33154736849212,47.1750542707989,56074.32257627118,3867.338983050848,191981104.22033897,-2351808690.979879,-13140.023022222224,-0.4696372881355933,19611794.637457628
7487.794441850109,26.87166236035332,62.29192525474662,55.40041725244791,0.7331778620851868,181.27082887219308,1.9709651197726588,75.76713206829,49.35542786258996,52615.66544067796,3860.406779661017,192854465.8474576,-2350845649.59188,-14001.0921,-0.5119847457627118,20580823.356271185
7177.245518341389,236.36119853154784,154.3539444720808,18.000040090346573,1.8094494477526968,260.4265235586198,1.8879561965884415,76.48227419505497,26.01801494169489,73836.44888135593,3935.203389830509,191944456.3559322,-2357145395.758162,-12070.701466666666,-0.5077830508474577,16189649.321694916
7333.49625015874,213.00025968731697,98.7918048158935,119.0065451941934,0.9105261097507664,247.59279522975527,1.213373463482336,75.44325834549376,21.986436291305203,62598.39603389829,3893.6101694915255,194910512.1186441,-2353862829.869299,-9292.36082222222,-0.4810406779661016,15292934.702881357
6495.396889758512,174.36892511430733,177.035378645736,66.31337827898076,0.8697043864900951,265.7930572496757,1.8759526867832823,74.63285826116405,49.29079349239567,57552.4465762712,3868.0,194802735.6949153,-2352393861.2689137,-12536.370966666664,-0.465871186440678,17045402.765932206
8678.814216780576,178.606363002432,106.49075134023946,1.5668740880463368,0.4643404266821625,204.6584517310524,1.7616612390673323,76.48137710133017,49.584061916926046,47828.26283050847,3841.677966101695,192992514.0,-2348657070.513377,-13694.604155555557,-0.4927847457627118,22454769.824576277
7806.447614129705,147.684493951426,96.4108915992276,109.14403703276628,0.2703315338260586,2.3902107809048445,0.7976948893157986,74.7131503944881,49.4214015152636,52499.99879661017,3889.4406779661017,194625290.5762712,-2349460180.698892,-15582.68863333333,-0.521364406779661,24207124.07661017
7357.232062799897,105.88287057371122,83.96480894903311,39.43160338273137,0.3608523829133532,171.91290979475994,1.9626273027496617,74.74812383677873,49.90167539600992,61044.39781355932,3898.06779661017,191344395.6440678,-2352875719.527405,-14513.440988888886,-0.5082847457627119,20659405.07576271
7012.23812867984,237.50156006717623,87.74393015107619,125.34686899507278,1.5939590732276991,252.74045753965916,1.969915253603601,76.34445867268134,33.11976441971042,61016.411016949154,3882.169491525424,193628085.3898305,-2353726952.367162,-12579.234111111107,-0.4929457627118644,17028518.324067798
7025.112135994739,240.59243374485175,46.566321253248375,32.884516196845546,0.3205981447996293,16.14114248572207,1.0330554606547997,76.14018318293986,49.71619567284083,51040.24184745763,3865.898305084746,191973684.6779661,-2349434939.383308,-15004.45894444444,-0.5106118644067796,24919396.41694915
8633.32599159818,200.43810010448405,233.67581733536625,18.53836308463871,1.0346239374893995,173.6716281343339,1.9993734962650935,75.02475679038388,49.51161334589053,44373.4976779661,3838.135593220339,194969993.0338983,-2347432808.4428678,-14066.953066666663,-0.4918423728813559,22988051.761864413
7333.49625015874,144.52691222413603,98.7918048158935,34.17563694859304,0.9105261097507664,247.59279522975527,1.213373463482336,75.44325834549376,21.986436291305203,72360.15518644068,3911.2203389830506,191706827.6779661,-2356749456.778757,-9542.760711111108,-0.4864186440677966,15295082.792203387
7440.957825990661,19.72116620072331,90.44233556262397,190.24975370423664,0.2344894833181877,170.25809433820768,1.7765259912742126,75.42461804266792,49.56357889323141,41216.053423728816,3822.71186440678,194907562.7457627,-2345428238.76463,-13692.999766666668,-0.5284491525423729,25313334.010338984
7434.20782030095,137.55951923976852,85.04866647377699,187.72979643841504,0.4387464645966269,0.5322104813712885,1.0542982207489195,74.75576364533015,49.93886232910197,47771.98816949153,3866.016949152543,196090719.91525424,-2348323220.588141,-15003.710611111112,-0.5093050847457627,24115207.553898305
7656.009466515837,208.3898362387013,194.1487902998981,34.52724706610354,1.641984023147235,249.46289911458703,1.4521418753792985,75.13537548146232,41.67604825242387,60911.11655932203,3889.9491525423728,192868550.1355932,-2353793303.118321,-12004.388433333334,-0.4931949152542373,16953898.443559323
6910.3338983693375,241.75656476560647,46.566321253248375,32.884516196845546,0.2679499615344232,16.14114248572207,1.693433548633708,76.19654651844989,49.71619567284083,49358.8113220339,3862.932203389831,191888203.8644068,-2348671683.8312955,-15073.583300000002,-0.5002847457627119,25700198.49525424
7904.823385040468,151.00108040691416,172.8110738548876,79.76649813217492,1.028984418471311,169.82881146609523,1.9902836129214452,74.81611844960231,49.32187976929164,62402.75486440678,3895.847457627119,193279460.45762712,-2353153260.0341115,-14516.27542222222,-0.5039288135593221,19639072.17983051
7941.692093707442,44.12470956894679,90.31620311482972,207.12336017916056,0.2346224329109143,152.12576768597228,1.6935354638131186,75.39071942397644,49.99103037234499,44523.17216949153,3831.796610169492,193632877.8474576,-2346732394.344698,-14062.409788888886,-0.4918796610169491,24220023.21881356
7414.947955192558,179.89579534155683,238.2623764009826,198.57251955423035,1.993960567538828,223.47186029958627,0.7531610122115118,75.0088471538327,49.72379881787693,57662.759135593216,3853.932203389831,194747845.8135593,-2352294421.3120666,-9106.745033333333,-0.4779661016949152,16018618.058644071
7526.919466836875,53.37571492081652,145.873535896794,135.13231379565138,1.2676161205516006,228.6730582133596,1.8201106513897212,75.78889145012637,42.95602905849066,51066.68613559322,3854.4406779661017,195328364.1186441,-2350322593.8547373,-13000.789077777776,-0.4894338983050847,18892900.81254237
6978.298131694814,46.21195360661032,217.99781741079357,26.10890289601641,1.343283236624198,213.90284053363445,1.8999432691687683,75.03034322115833,49.986165955645845,49486.56493220339,3833.084745762712,193841002.440678,-2349667808.5567174,-13704.590333333332,-0.4935237288135594,20698311.97728814
7136.696351570765,209.55350365479325,238.26002002335065,27.468242805327343,1.63879855653625,265.58750166735206,1.2652666054175068,75.2743621532047,12.617075254534551,74125.80769491525,3921.6949152542375,193657067.18644068,-2356787713.1140146,-8580.6863,-0.4753813559322033,14398561.714915255
7302.088434196262,205.4483963590833,178.68900948565502,80.11542640945987,1.1214785889878385,251.71480855136608,1.4020832157292074,75.11290783979697,49.46694544189276,47763.38159322034,3835.576271186441,195494775.08474576,-2349016819.970453,-12196.73981111111,-0.478364406779661,19707402.81288136
7806.447614129705,61.33777047423222,96.4108915992276,49.81339764776951,0.2706843739186886,146.39675455578117,1.767481455261273,74.7131503944881,49.99614429442084,55853.05598305084,3888.372881355932,192464400.27118644,-2351319713.36786,-14618.185977777775,-0.5211593220338983,21400281.23338983
7024.190120551079,193.1818919706116,425.8431516182244,51.62934484268175,1.9768354397205337,250.5177841667118,1.8537359314164463,75.0509676405218,30.589355593684445,56090.488728813565,3868.084745762712,194704844.9661017,-2352145893.7694955,-12110.690800000002,-0.4941796610169491,17035560.106271185
7140.942157329246,136.2037891758797,280.41741671215334,63.79091870646097,1.8816563270516624,250.8207771598977,1.4020832157292074,76.44908358597627,46.2941020746846,52779.18757627119,3857.288135593221,194830094.5762712,-2350944870.955127,-12047.466355555554,-0.4765576271186441,17833083.86
7472.0505051235505,115.57471492033784,178.68900948565502,75.37261945553418,1.1603101748550273,252.38079212487847,1.961648912910632,75.20548623119176,17.919419564943862,60986.42659322034,3885.898305084746,194886559.05084747,-2353695396.170774,-11593.159988888889,-0.4927050847457627,16009010.181864409
8101.9309323984035,245.26342638234087,178.0307062507801,16.470862627313053,0.4723483268598886,246.4814547874223,1.804470781222308,74.63529639345249,49.28623658943807,52547.45098305085,3847.6101694915255,193367918.8644068,-2350796568.685732,-12746.105077777778,-0.4771983050847458,18657963.596271187
8239.263407848814,15.940002814144895,92.74294817727296,84.62216980630116,0.2346224329109143,150.64929774509986,1.7178178294982658,75.39071942397644,49.37125833224766,46152.41815254237,3832.0508474576272,192822606.6949153,-2347459793.5331497,-14073.038344444443,-0.4988305084745762,24417745.203559324
7747.325717864293,141.85475423937189,137.7136363535968,95.33567130867254,0.4327317758880539,171.1652733666275,1.900136839265563,74.60726912649793,49.36489720911276,55248.29138983051,3878.084745762712,194823727.79661015,-2351579061.6034813,-13522.59572222222,-0.4718050847457627,18607754.13813559
7322.159778159628,184.54239965959732,70.02620167565469,53.46293572015644,0.9044125321653428,221.6316276150885,1.5954841234943429,75.89561249150145,47.42057216299583,56094.46322033899,3861.796610169492,192830664.79661015,-2352117637.336604,-13091.548455555554,-0.4962186440677966,18801902.863728814
7439.826602801667,193.21761604939067,150.82883752611124,46.68607272983661,0.9794831656903936,229.0815037933169,1.7866696601178842,75.23739151608945,8.75775169149402,69277.78052542373,3906.406779661017,193386313.98305085,-2356089309.156274,-11051.326133333332,-0.4920033898305085,15263992.052881354
5527.147127902383,241.5859957600744,79.4985721601595,16.529255789955602,1.9996346323196224,112.97845603005425,1.7291512880452529,74.00076162277519,18.700308136092985,123228.28803389832,4011.06779661017,191139053.3220339,-2362602660.7097545,-10614.575655555556,-0.5116016949152542,18559830.046949152
5689.175220725936,231.87381159467665,50.14473540976179,40.04013579827016,0.1155387847448631,6.837121937570984,0.885326079273896,74.97334697186976,49.31085760452552,54062.08452542375,3879.796610169492,191624758.91525424,-2348130588.8436294,-15508.824222222223,-0.4916627118644068,28349725.861864407
7906.349338284323,200.2051629827224,149.3926275856778,0.0,0.8728582761998718,184.0970476579043,1.783804525423916,74.63285826116405,49.29079349239567,75779.76103389832,3947.728813559322,191516193.8135593,-2357379939.883644,-13030.567277777776,-0.5123271186440678,17034166.25118644
7806.447614129705,59.92405083628952,96.42198019330762,38.61344875019164,0.2706843739186886,147.68191416202563,1.767481455261273,74.7131503944881,49.99614429442084,57604.42486440678,3894.864406779661,191957703.16949156,-2351759705.593676,-14618.185977777775,-0.5199406779661017,21452679.938135598
7833.2013407866525,105.04246965400932,87.39422723846248,248.70097560656396,0.3327716869145566,167.76037173817824,1.9246936141139412,76.00694881881861,49.10538652921937,45500.45091525424,3841.677966101695,193644104.2542373,-2347693910.0042915,-14082.3627,-0.5017254237288135,23065599.66542373
8680.95822861634,44.79956478543561,186.8534732487759,24.51178578460697,1.0596809471523128,250.3171525907373,1.8295799231274967,75.18083493563819,18.958850057372803,64242.66203389831,3899.4745762711855,192796883.6949153,-2354834217.4205017,-11512.043088888888,-0.506535593220339,16182747.04644068
8571.232918205775,152.85747032774415,73.20453699711423,213.0066918184541,0.0254092352095143,137.34366476692975,1.6944608809047268,75.78179970835797,48.68947884200757,47815.172423728814,3858.186440677966,191983284.8474576,-2347676172.640118,-14091.301755555554,-0.4828,25259714.455423728
8239.263407848814,15.940002814144895,92.74294817727296,84.62216980630116,0.1352295382263207,150.64929774509986,1.7178178294982658,75.39071942397644,49.37125833224766,44348.52603389831,3835.728813559322,192974901.55932203,-2346466981.0913687,-14031.882466666666,-0.4948372881355932,25621177.330508474
7410.354830111509,183.574722205984,238.32202206785175,34.9473116309501,1.248515350245908,49.98122797149262,1.9781863753400244,75.08673505847926,50.0,44526.869593220326,3833.338983050848,195510564.0338983,-2347519586.970188,-14530.972755555556,-0.4967271186440677,24147801.56016949
7919.332348288478,248.71474384201727,146.14636846035614,33.2297453501331,0.9342935164151834,183.0734928459541,1.9995963411923787,75.29494357666351,48.23265679131906,49462.9813220339,3847.254237288136,193889729.0,-2349524491.517267,-14018.483366666664,-0.4935745762711865,21248517.74474577
8647.29233349689,141.36209998587947,73.20453699711423,30.600969135452704,0.0066181962952087,78.64643741821554,1.7292390672939264,75.78179970835797,46.92806071615456,47718.69347457627,3858.745762711864,191910054.440678,-2347457426.287873,-14500.220233333332,-0.4863372881355932,26381526.69101695
8101.9309323984035,203.11979519961977,174.02715806680993,47.08088248667328,0.4473963095362708,222.43900325625225,1.994695897116594,74.63285826116405,49.08701807911953,51146.48703389831,3847.728813559322,193356809.4915254,-2350270954.759346,-13566.104233333332,-0.4933677966101695,19770887.78559322
8419.816277204038,199.38382139659865,238.03374091427025,28.772470803494965,0.9141291434041624,0.5054869795702217,1.0966321422244962,76.46070468197776,49.71905546256319,41208.03711864408,3823.830508474576,195944088.6610169,-2345558918.4627237,-15000.058077777778,-0.5041322033898306,26991763.47355932
7232.190150939842,167.55083140293942,110.88357092044532,51.39919826983831,1.0257243609092557,239.80754426568308,1.9930633894667027,76.11271926318727,40.28340737476499,54373.73149152542,3859.203389830509,193804219.05084747,-2351570981.8527994,-13251.970111111112,-0.493535593220339,18764187.114237294
7806.447614129705,157.52461521944716,96.4108915992276,38.61344875019164,0.2652489594801443,3.884788937607032,0.5623011741231232,74.7131503944881,49.99030892147661,57238.26635593222,3899.576271186441,191928805.0,-2351098078.266472,-15591.918088888886,-0.5179271186440678,24258313.58694915
6978.923829382719,177.8934211884377,11.74546925065124,113.21258094693265,1.7977487003273092,110.60329967853164,1.035822785473445,76.38004509596188,-0.3429310827196232,112758.86093220342,4013.677966101695,191148305.6101695,-2362518321.1270022,-9569.944544444445,-0.5215559322033898,17038433.76423729
8796.905086200755,134.62373179430855,107.15387705957497,66.28192954085785,0.6069585510080118,96.23708373124158,1.7568529412270837,75.44614953930633,49.4214015152636,49496.29547457628,3846.813559322034,192775743.93220335,-2349299037.3695045,-14500.611111111111,-0.5028949152542372,23350740.58169492
8366.111730624852,151.3418052357628,173.86463718706102,76.6468138828975,1.029075999680353,171.27108539046918,1.990678777584768,74.81611844960231,49.31721004522775,64314.76005084745,3904.830508474576,191972217.93220335,-2353998810.945243,-14511.1207,-0.5143830508474576,19632838.756271183
7454.819523886668,233.9269451431512,20.955900240182388,45.63648751998239,0.51492892449773,266.6346936627838,1.6180369101950338,74.10981520116557,-9.320461996672783,117116.3205084746,3990.9661016949153,191080744.94915253,-2362531044.21699,-8798.956755555555,-0.5093,17033801.819491528
7843.451388005965,176.88674722492854,138.35925923309935,91.2542723448142,0.4120944484739419,172.0689961149484,1.8232815005421168,74.60571751175137,49.68704732774943,57670.88172881357,3885.457627118644,193711029.4237288,-2352139920.019765,-13512.035255555556,-0.4669694915254238,18583082.594915256
7357.755851181083,73.60956428901447,60.67424481503478,19.697351059812576,0.4387464645966269,0.5318357582063236,0.5725291746371727,76.29576979785729,47.109847659191125,54379.732067796605,3872.64406779661,191757835.1016949,-2350653892.575484,-15007.908033333331,-0.5073593220338982,24067090.28932204
7806.711934345474,198.6402370265313,97.09299386990052,214.00406961655335,0.2233140366671872,7.0327712320048015,1.8458675684321095,74.7543087293479,49.19235298523896,51128.14872881356,3882.4406779661017,193911099.76271185,-2348432214.7853203,-15502.038033333332,-0.5058559322033899,25758268.89559322
6844.313032190388,208.07747592972123,219.2654358048686,137.38532534053886,1.912046312799688,268.4275682828949,1.5663139668913355,76.24425687260761,30.917063886513247,59399.33581355933,3879.5254237288136,194837983.6101695,-2353131987.640139,-11252.931888888888,-0.4780254237288135,16160265.000508474
7402.921584820428,243.15908551056847,186.8534732487759,24.51178578460697,1.0259380002436949,251.71480855136608,1.8295799231274967,75.18083493563819,18.958850057372803,60933.145322033895,3878.423728813559,193743899.83050847,-2353765927.3782773,-11440.484599999998,-0.4890745762711865,16180835.078305084
7040.593852845205,238.8269613847749,217.99781741079357,22.53483451907436,1.343283236624198,213.90284053363445,1.2390044319380364,75.164665833817,18.330918611548952,65860.37938983052,3898.457627118644,193735653.4915254,-2355034227.421185,-10015.552055555556,-0.4914491525423728,15208683.54881356
7139.568825750512,243.128632157044,217.99781741079357,27.75485838890404,1.4879717703128523,215.23516500964172,1.3068437934260488,75.16431157452753,19.57077556392277,67591.82786440678,3898.9661016949153,193506857.55932203,-2355549796.2998896,-10516.454611111109,-0.4925457627118644,15203812.383050848
7819.903619843807,200.51597301873443,97.09299386990052,165.4496030219135,0.4405074658181835,7.0327712320048015,1.3228185579233849,74.7543087293479,49.19235298523896,60523.15628813559,3892.135593220339,193683588.98305085,-2351611449.699296,-15507.39572222222,-0.5090254237288135,22985279.63440678
8342.058219560902,152.81946128299913,165.44909150466535,81.38074605525023,1.3645234065839382,143.3819207059876,1.8626291226925007,76.47551674218943,37.97012264924326,59097.23783050848,3877.4406779661017,192899118.08474576,-2353035472.0744443,-13502.967544444446,-0.508228813559322,18782487.442203388
9190.960295238208,126.67651968733696,166.44647320203768,24.22249371132318,1.023899654970215,251.71480855136608,1.8295799231274967,75.1844332195662,18.958850057372803,67611.51233898306,3908.6101694915255,191857006.2542373,-2355772750.8514,-11565.07092222222,-0.5021542372881357,16107218.85220339
5714.803302048619,172.36721598927045,50.14473540976179,39.79866701723721,0.0491918925523633,3.2847670345204136,0.7588185070271014,74.95828685948115,49.31085760452552,52549.17593220339,3876.576271186441,191721207.5084746,-2347421053.7306437,-15506.17152222222,-0.4937949152542373,29350665.188474577
8732.504256356624,152.4299095740532,172.8110738548876,23.146950143721817,1.070890837216542,179.5074858060124,1.9091440350537057,74.81676362469464,48.01591092855536,67616.90674576271,3914.728813559322,191982122.0,-2355031356.505897,-14021.54231111111,-0.5128305084745763,18771345.697288137
6916.231036301046,227.8761123255538,52.11915111456064,66.15428993954617,2.0,195.1482468280355,1.7810825841224478,74.185347621003,-17.443903760855065,117056.62620338984,4012.9661016949153,191125138.94915253,-2362622063.689532,-10013.183666666666,-0.5184610169491525,17527200.312711865
7251.009060848381,240.85615359732327,445.3744932143792,58.17035169699475,1.7289582020780512,261.2591222279109,1.892184380952286,76.09949499836843,6.533421950623144,64334.54261016949,3908.661016949152,194760100.18644068,-2354247323.846181,-10528.87821111111,-0.4976423728813559,15270093.102711864
8180.202201736876,147.69813015435963,87.66022567858293,118.20244314572832,0.462688176749298,221.58211757370591,1.999471919765272,75.93870559578014,46.80654538826453,52793.98916949153,3863.372881355932,191982575.6101695,-2350500531.154787,-13940.448466666669,-0.4903406779661017,21461167.65050848
7624.379391319204,119.92836159865178,197.32859431026645,207.1329831314228,0.7185711622415771,208.7415904206386,1.9807448834098047,75.6978675361242,48.06682393123295,42891.97757627118,3828.1186440677966,194535819.30508476,-2346427977.384188,-13767.075655555554,-0.510871186440678,23871402.29271187
7739.561928236112,59.0621475849911,68.16398262882741,91.23241333086798,0.2420806077427939,44.065499978053474,1.9223170401768248,74.7027228503388,49.37096500340339,61986.0610677966,3918.64406779661,193853515.83050847,-2352931754.6815467,-15059.286099999998,-0.490864406779661,21399969.64220339
7419.303980183801,135.70464635831516,107.88984883874522,211.16332205694164,0.1820844668327342,47.95948054798977,1.891517003740072,75.29209168673728,49.71408764694576,39589.18344067797,3834.016949152543,194626160.23728812,-2344199989.2279463,-14690.88653333333,-0.5248305084745764,28892796.69101695
7940.92456680744,192.77283280221116,172.5001879912584,92.0600193751212,0.9304242803965952,171.07033243846857,1.7023921233856996,75.08762826388414,49.07322959623709,47785.8296779661,3846.813559322034,193688853.5762712,-2348900020.718792,-13642.57992222222,-0.4873203389830508,21571972.377966102
7859.695398565311,71.98916984967434,87.10284500850011,19.37795962070527,0.4677552953671664,0.5318357582063236,0.6520633121607973,76.26825853419442,47.890019426513184,49472.8046440678,3846.0,192926458.08474576,-2349066642.4687147,-15035.6687,-0.5040762711864406,24794055.093728814
7819.903619843807,149.52288645541975,97.09299386990052,165.4496030219135,0.438041769428548,7.0327712320048015,1.7046328420295922,74.7543087293479,49.19235298523896,57726.24272881356,3898.0338983050847,194304378.3220339,-2350980404.509056,-15604.212633333334,-0.5141796610169491,23127304.641016956
7201.563582516271,187.4478455720115,113.45072445225205,42.59395275891758,1.2404241476905429,217.07108528560047,0.9642676005126332,75.68161417502746,39.58142710208928,62659.50533898306,3876.338983050848,192794451.1186441,-2354165144.0344005,-10345.791366666665,-0.4950627118644068,16173899.702711863
7777.493364032671,121.1157767384117,197.32859431026645,81.61162796467814,0.710664567237409,208.7415904206386,1.9807448834098047,74.61795609248217,47.60702593291696,56031.80347457627,3872.423728813559,194557594.1016949,-2351889329.902601,-13125.507933333332,-0.4740627118644068,17884214.931525424
7656.837688446708,101.20542722316584,172.21171939466927,59.90222988415096,1.029019052320161,16.667386516269154,1.8082946007624956,74.81658057616792,49.93028301247115,56019.57786440678,3881.64406779661,194483127.20338985,-2351200490.506834,-15033.6668,-0.505113559322034,22309089.668644067
7439.826602801667,146.6683523786586,97.7690059811701,38.423356978552185,0.2492899295750756,266.45430354377123,1.5988823727469152,74.67762482038582,43.21226488654384,62206.38255932203,3897.186440677966,191879923.6779661,-2354121555.482954,-11738.849688888888,-0.4854491525423729,16665989.60864407
8239.263407848814,171.86146983931326,92.74294817727296,30.06509081486892,0.2346224329109143,83.95737112637528,1.5963592669219615,76.46580899012638,49.392564947453735,45825.4723220339,3834.0508474576272,192813175.33898303,-2347254853.617928,-14531.301044444444,-0.5090762711864406,25666442.062203392
7477.834873840724,231.10421432207903,234.93106686471495,85.58995662415637,0.7552187012285627,218.9436932398304,1.9980291170639068,74.96020859480834,49.91030357951383,41243.240627118656,3822.1186440677966,195755909.91525424,-2345519649.034922,-13720.33068888889,-0.507235593220339,25144450.66644068
6823.41450932664,221.0260252400828,217.99781741079357,49.392273304218726,1.1984632481921866,261.87934807438927,1.8302946643660147,75.164665833817,6.659137611206957,64317.12257627119,3887.254237288136,194652608.5084746,-2354454511.395252,-10463.235088888889,-0.4924220338983051,15286655.366949152
8069.701461719746,193.830179503148,129.6808114577273,108.43311991971756,0.7706585775866954,134.38786621285217,1.91584897571994,76.45123562050495,43.25135983369577,51088.62142372883,3852.322033898305,192828063.1355932,-2350132467.73985,-14043.743799999998,-0.4899152542372881,21319860.075593226
7949.917462526335,73.96420820708484,233.67581733536625,205.52570544056144,1.0346239374893995,208.78469876656973,1.999441289704092,74.61496520855675,49.51161334589053,63358.89899999999,3899.9661016949153,193876456.22033897,-2353918154.2427053,-13221.668622222222,-0.4984457627118644,17051795.477288134
7410.354830111509,183.574722205984,238.32202206785175,34.9473116309501,0.999298944370658,171.1760006086379,1.9781863753400244,75.08673505847926,50.0,42881.80118644068,3831.169491525424,195944129.23728812,-2346694997.2760043,-14008.781488888888,-0.4993372881355932,23781065.567796607
9680.004366883344,127.84574142305368,82.36099247302724,43.98246428478654,0.3684518141268703,167.8090798585464,1.9135697976251995,76.39485462538713,49.92638964010454,51138.58410169492,3865.593220338983,191828707.2542373,-2349701636.032515,-14252.479866666665,-0.4961033898305085,22854066.8520339
7289.647262114201,207.5784369762041,167.29764131999053,139.84440869388433,1.9058865047910285,261.1493230250267,1.5396137180946097,76.47491334839862,8.503867815831647,77968.6438135593,3944.813559322034,193877877.8983051,-2357567123.692533,-9530.10718888889,-0.4750067796610169,14392411.221694916
7750.197130738159,174.4918987205156,174.06106869300643,66.31337827898076,0.866243831841093,266.3784017001838,1.8759526867832823,74.63285826116405,49.29079349239567,65811.60149152542,3904.8813559322034,194582047.45762712,-2354839246.5880985,-12586.797333333332,-0.4702661016949152,15933160.291694911
5992.818288777973,172.52283963354418,100.90840961471162,10.651841449164618,0.5004667624240697,199.73553828190137,1.5544817876807953,75.95388992520407,46.23145780990294,49372.778728813566,3847.3050847457625,192953743.76271185,-2349409497.007059,-13053.447666666669,-0.4815728813559322,21289566.62305084
7429.146893839339,67.20011722064444,96.4108915992276,38.71033633049313,0.4388391146548246,2.9708788949266065,0.5721831756787947,74.74248019530994,49.4214015152636,59158.186271186445,3891.4745762711855,191688475.47457623,-2352058557.348236,-15166.83082222222,-0.523506779661017,23032255.09966101
7357.596396226895,170.9768919118415,174.20554793770555,18.407895930639956,1.0257243609092557,237.4864308096357,1.685819451401602,76.11271926318727,40.28340737476499,51053.187762711874,3843.508474576271,194785191.18644068,-2350340794.7044435,-12662.041133333332,-0.4829423728813559,18872509.696949154
7952.075903176348,233.36131585141675,238.26002002335065,27.468242805327343,1.63879855653625,265.58750166735206,1.2652666054175068,75.2743621532047,12.617075254534551,76686.26306779662,3945.06779661017,192887435.94915253,-2357503381.578617,-8554.853155555555,-0.4858762711864407,14399020.313898304
7806.447614129705,73.14169268895446,96.4108915992276,51.6472727296984,0.2703315338260586,2.3902107809048445,1.1670830906757814,74.7131503944881,49.4214015152636,54016.84577966102,3878.406779661017,192671492.83050847,-2350422784.4627147,-15549.36052222222,-0.5225661016949152,24136054.9281356
7401.728852881074,74.64096370959678,91.00145330851852,182.27316915377588,0.0852084601193705,97.47430252545172,1.7747420684248072,75.42461804266792,49.931680153000926,39494.8429661017,3829.491525423729,194984407.8135593,-2344164498.7234726,-14302.141755555554,-0.519135593220339,28222469.940847456
7440.356159724224,81.15289496051913,90.77683908762882,157.13370583419075,0.2783567997533848,159.17003636162397,1.900117831699282,75.025901512593,49.96164780593605,41227.658694915255,3822.542372881356,195681638.2881356,-2345618182.535419,-14140.749766666666,-0.5058644067796609,25269624.60644068
9169.649151960684,171.81140195682354,238.9214203641304,180.15908721979795,1.5768809400237895,7.873353754222945,0.8172041031006869,74.98764103228791,49.54321471922369,54295.68423728814,3878.830508474576,192873538.45762712,-2350860826.2329946,-15006.943988888886,-0.5110389830508475,23090220.337288138
7203.346165079952,215.53222824238617,97.06172213527344,85.4239799349337,0.1259143238668181,209.2360475472297,1.9617368070389165,76.40131786640444,49.35954555273932,39591.53630508475,3828.661016949152,196046694.76271185,-2344417298.73084,-13547.608844444443,-0.5082830508474576,26804161.030847456
7753.468537242943,167.55083140293942,174.20554793770555,247.89160920813305,1.2195237612397232,236.3836543245,0.8552384724270642,76.11271926318727,40.28340737476499,59231.562389830506,3872.864406779661,193932521.6779661,-2352650116.3158574,-8830.420722222221,-0.4823966101694915,16026873.65745763
7175.153073018718,34.50651811075083,97.06172213527344,1.976186661308056,0.8632827464987916,195.5623543710826,1.8375405501196025,76.40131786640444,49.77279338484807,55784.455,3873.288135593221,191964672.59322035,-2351720492.8226376,-14032.058766666663,-0.5041796610169492,20471527.77983051
7730.042617463631,145.8006669075844,96.4108915992276,242.7085648506667,0.3152411967721845,2.3902107809048445,0.7465181809958346,75.98128658334754,49.42883953497624,42682.75484745763,3821.423728813559,193903319.23728812,-2346089704.9604,-15084.143766666666,-0.5199,26600384.61881356
8375.618376500264,157.19281304762984,84.06036267839842,1.7676081532900518,0.5818693351200835,154.4221673592928,1.9996541099729488,76.01390395405657,49.58157467368031,54298.40218644067,3869.6101694915255,191581300.62711865,-2350920764.0613704,-14533.599566666664,-0.4992372881355932,22077997.42525424
7789.45282069653,58.28958568227802,85.31333602660246,246.1674136692138,0.0471085696590851,33.10936362694701,1.2722238558619547,76.33572570582182,47.23647370723509,41128.44535593221,3832.0,193783162.05084747,-2344967153.2535715,-14526.342933333332,-0.5154915254237289,27657067.06254237
8685.947205246886,134.38703026576565,89.23921226012851,43.3830555281522,0.5685190737773043,136.0493516330355,1.9194861742027511,75.78243487137105,49.96739766438493,52597.98538983051,3870.423728813559,191878148.7118644,-2350389206.568809,-14516.49551111111,-0.4990101694915254,22548238.80372881
6987.253195645442,240.5696081592135,50.90700359899439,32.884516196845546,0.3205981447996293,261.1754643993148,1.912775480048719,76.06539464798398,49.91014075126671,51093.62357627118,3867.372881355932,191990681.06779665,-2349828130.644793,-13553.577033333331,-0.4923237288135593,21818840.586610164
7439.826602801667,146.6683523786586,97.7690059811701,38.423356978552185,0.2492899295750756,224.1761332443394,1.8892148295159483,74.67762482038582,43.21226488654384,59260.96001694915,3893.1186440677966,191904014.45762712,-2353123299.425501,-13184.505999999998,-0.5017288135593221,18552067.26525424
7822.742942164702,105.04246965400932,34.95837911846079,248.8768506443307,0.3327716869145566,8.993055010935763,0.6290523333309805,76.43621838335791,49.10538652921937,52761.56215254237,3875.0,194152010.62711865,-2350277247.680914,-15022.356500000002,-0.5226762711864407,22849210.883389827
7840.238528571658,84.49600714596362,36.60036724511035,19.359456582135465,1.1270390535450188,149.78658641918028,1.6979397330893995,76.44125084229452,2.637341806977626,126190.8397118644,3999.542372881356,191128376.76271185,-2362509022.3746243,-10606.47518888889,-0.5073220338983051,18624303.974576272
6106.977313847721,183.1893886826905,237.5454541854989,151.2078390256006,1.9620505535352688,159.21194082983652,1.9365251795207423,75.01594858269615,49.96204091662581,49358.56061016951,3835.898305084746,194501883.77966103,-2349641408.080932,-14055.714366666669,-0.4870440677966102,20688366.96288136
7493.187904817716,249.5011801621779,183.3124886982931,14.27835026761415,0.7747328941169861,256.1477475420714,1.8693872599544985,74.63285826116405,38.28908099860931,64079.74249152542,3888.8813559322034,193497704.8983051,-2354584016.1843805,-12062.780244444446,-0.4915915254237288,16020997.797288137
7790.712535942235,42.56295978814583,83.4922232144249,246.1674136692138,0.3748908329045662,148.62553638821578,1.5465949616736254,76.33363032023243,49.2823939655231,46094.57393220338,3839.237288135593,193965709.59322035,-2348132270.2216754,-13694.965377777777,-0.5031152542372881,22182966.601525422
7819.903619843807,132.01350679350483,97.09299386990052,15.13372058689215,0.438041769428548,7.0327712320048015,1.7902029181323615,74.7543087293479,49.19235298523896,67166.88459322034,3921.271186440678,191404120.83050847,-2353629760.8459167,-15570.884522222224,-0.5148050847457627,23397224.18288136
6995.781361939335,200.597316650438,363.5364265870975,43.939173341430994,1.975454720263545,266.6117965743132,1.3229346301066598,76.49964872769961,11.999969654939012,70781.87215254238,3912.101694915254,194716383.9661017,-2355760341.1787963,-8696.844055555553,-0.4652338983050847,14376994.637288136
7761.349677426196,167.55083140293942,174.20554793770555,245.5519788477281,1.2195237612397232,235.7926925984359,1.6028063332004314,76.11271926318727,40.28340737476499,54301.29303389831,3860.203389830509,193895008.4237288,-2351481960.754283,-12556.191555555555,-0.4872711864406779,17910087.22694915
7805.227540684113,197.4742226484476,162.81936605601345,60.80900346400588,0.7607657561526977,222.44301831803708,1.948626768103548,76.29309276654242,49.13186708051341,44538.93315254238,3833.71186440678,194787351.45762712,-2347481886.4540334,-13591.44512222222,-0.478122033898305,22426492.48661017
7935.911933385024,121.1157767384117,197.32859431026645,104.83293103865184,0.710664567237409,208.7415904206386,1.9773086242754307,74.61795609248217,47.60702593291696,57651.274220338986,3870.9661016949153,193897323.62711865,-2352327684.051996,-13292.148488888888,-0.479842372881356,17850614.34559322
7720.782880746629,196.57719778903788,97.79760492758818,246.17844785405595,0.4382011400912381,2.9552854027716755,1.8870763954447631,76.35204536153532,49.42992213918743,44330.18142372881,3836.135593220339,193894044.4915254,-2347017722.8963885,-15054.476466666669,-0.5134864406779661,25677465.966779668
7060.773825452432,159.8800956735781,68.61537557496428,34.15019634930657,0.9186884818874972,222.1664981229574,1.9271363835844997,76.46333793667397,46.82647848289599,57659.50883050849,3883.0,191847736.79661015,-2352471984.1320906,-13612.692922222222,-0.493786440677966,19689784.275254235
7787.605483592776,200.82532324516652,183.3124886982931,229.93703995131355,0.7747328941169861,153.16362056174867,1.735850873708625,74.63285826116405,49.29079349239567,60938.92852542373,3896.593220338983,193724234.20338985,-2353161878.07296,-13503.680788888889,-0.4833,17958161.49694916
7357.232062799897,181.5335555888344,83.96480894903311,39.5261147564736,0.4029049911269891,46.49835533548486,1.848068591404722,74.74780599457229,49.90167539600992,62606.23969491525,3913.3050847457625,191345731.08474576,-2353114702.0045485,-15131.02871111111,-0.5323677966101694,22403268.911525425
9500.863885390774,141.5789338391225,138.35925923309935,8.272187872814087,0.407148747773733,172.0689961149484,1.900136839265563,74.60726912649793,49.68704732774943,60902.859271186455,3898.779661016949,191775668.8135593,-2353354778.8839054,-13633.575377777775,-0.4766186440677967,18866782.101694915
7439.826602801667,3.6152804395219498,97.7690059811701,38.423356978552185,0.2492899295750756,224.1761332443394,1.5988823727469152,74.67762482038582,43.21226488654384,59255.87972881357,3881.932203389831,191964950.33898303,-2353144683.4424844,-12326.494933333332,-0.478377966101695,17469657.07254237
7824.063507029211,77.10888162886465,90.77683908762882,209.1324763510219,0.2641049783446271,159.17003636162397,1.900117831699282,74.71005717414313,49.95980232172147,53116.67223728813,3886.6949152542375,194262996.7118644,-2350388540.217622,-14587.271277777776,-0.5205440677966101,20844188.006101698
8201.656761742583,197.6559971346392,537.4072901726528,117.5705627812004,0.0,12.388001303994258,1.7767843031749888,76.36813097839898,49.98914596960821,44498.71015254237,3866.0338983050847,192956877.6101695,-2345727402.0162005,-15026.365766666668,-0.5811966101694915,27690873.534406785
7816.255396539695,200.83545781582103,87.8873470916891,203.91731681803523,0.5802490481747442,15.487532666188685,1.5374297518370277,75.87614734115725,49.29015372143976,49492.58147457627,3860.016949152543,193678091.98305085,-2348827891.684148,-15027.61332222222,-0.4996711864406779,24162655.879322037
7351.58033048538,128.28225395136567,140.25474239359767,9.061708408189403,0.6705849326010889,214.62572159331947,1.1971786653624237,75.29091935727999,6.744874638906108,70889.87533898305,3911.915254237288,191875030.33898303,-2356247454.7337656,-8786.519466666667,-0.4941,15229618.674237289
8096.411896707631,192.7024033416852,96.9858799656432,171.6943887112882,0.7381235172144995,217.79835874373055,1.7731696113783455,76.47787311805033,49.59291560049762,54124.40750847458,3866.864406779661,191996176.1355932,-2351125692.2226887,-13705.2266,-0.4909067796610169,20539166.98694916
7450.185587627167,137.99097584480845,87.69466233109392,107.06235889878836,0.4387464645966269,0.5322104813712885,0.562413780731711,74.75576364533015,49.96862230716813,51000.43969491527,3869.06779661017,195086040.8135593,-2349528500.684952,-15175.049633333334,-0.4954847457627118,23268586.26728814
7605.646829536234,173.9551897483787,178.68900948565502,22.43933777032802,1.0404195039315742,251.70625054100816,1.8261789973191949,75.18022864279254,19.015132066285418,62607.95005084746,3892.186440677966,193400952.18644068,-2354360410.676918,-11502.813633333331,-0.4943118644067796,16105003.586949153
7357.225345597545,203.00325307356124,247.96530883778487,139.84440869388433,1.9161152326784252,266.00106230529536,1.5396137180946097,76.46540766176126,7.719001506003998,74242.49205084745,3929.457627118644,194749287.3898305,-2356577262.627744,-9376.443288888888,-0.4623542372881355,14318588.3240678
7460.899747814779,10.90502164041106,169.08939814909772,65.5291641477287,0.7903286760679175,224.19933924788117,1.9500507206604216,76.25279429986162,49.68331525680525,42899.872474576274,3827.796610169492,196142535.23728812,-2346695678.845122,-13652.645855555556,-0.4907254237288135,23309800.590677965
7462.349470599283,95.13739234689464,77.42554794400557,76.99029917357649,1.0298900647477789,221.6499446306877,1.986464803413229,76.48629825431274,28.75708669096224,64262.738135593216,3896.372881355932,192720326.27118644,-2354777558.304082,-12569.699444444444,-0.5091338983050848,16895651.24847458
7819.903619843807,124.67063153141284,97.93472090206662,165.4496030219135,0.4373073756649509,7.0327712320048015,1.3785945174467271,74.7543087293479,49.19235298523896,55789.64757627118,3901.932203389831,194683215.62711865,-2350727476.499026,-15550.0411,-0.5173118644067797,23013143.306779664
7819.903619843807,149.52288645541975,95.77070597926404,55.93064003762105,0.438041769428548,7.0327712320048015,1.2324271393549693,74.7543087293479,49.19235298523896,62215.684389830494,3920.372881355932,192350382.2881356,-2352642359.1862483,-15506.418077777776,-0.5244728813559322,22929272.887796607
7853.993896011727,151.3418052357628,173.86463718706102,76.6468138828975,1.029075999680353,62.56900646422734,1.990678777584768,74.81611844960231,49.31721004522775,60085.640423728815,3898.35593220339,194163230.01694915,-2352196522.857952,-15020.190566666664,-0.5034813559322034,21466531.740508474
6767.029858497768,201.73235807061175,237.21592427782872,25.897311453773597,1.679958415453106,213.453816451094,1.2332177465208736,75.43588813811911,7.721261632059392,77399.96761016951,3941.542372881356,193455136.94915253,-2357586468.387311,-9002.078166666666,-0.4838440677966101,14390627.501864407
7322.854170413548,114.97011049317304,106.52832427116245,169.79256494177594,0.0931567230002436,194.0016470802952,1.998599483603755,75.25841153174602,49.689653681528526,39582.59554237288,3833.576271186441,194987783.3559322,-2344066563.132708,-13875.692022222223,-0.5233186440677966,27714616.839322034
7653.157288859968,199.38373359634093,172.8110738548876,61.98958404166735,1.1564730306054636,182.50414384575657,1.8463642494395291,74.81676362469464,49.64702968111931,64324.80735593221,3915.745762711864,193922329.94915253,-2353985835.5884423,-14036.3465,-0.5008525423728813,18544011.023898304
7050.588657043545,49.882711446816735,82.36099247302724,43.98246428478654,0.7206644850026696,102.35427960816588,1.8560820391249608,76.39485462538713,49.86949565160215,47754.29452542373,3845.0508474576272,193519785.59322035,-2348714090.3493137,-14501.603288888886,-0.5086322033898305,23327225.01745763
7680.752945266081,147.75047222199348,97.7690059811701,30.28772696393722,0.2492899295750756,266.45430354377123,1.71856934691817,74.67762482038582,43.21226488654384,64990.65700000001,3897.864406779661,191540255.5084746,-2354784019.149485,-12521.1221,-0.4749491525423728,16917861.047288135
7083.551644618268,242.2459090613612,143.2054526095205,40.07364748074011,1.235317844820943,221.67386227900616,1.758432962827761,74.80975059268046,49.853654057942,72449.09349152542,3937.491525423729,191998338.6101695,-2356111037.401709,-13593.804133333331,-0.5209474576271186,17979374.936101694
7353.836254649498,148.46360427357314,92.94975129898955,66.60321547575641,0.2675711137230208,266.3766662596093,1.6007376969680869,74.67482599176525,49.34493443948418,57713.44028813559,3866.9830508474574,193389301.22033897,-2352609635.369499,-12035.3081,-0.4552305084745762,16995142.879322033
7789.45282069653,73.80415722763854,89.43262356519156,246.1674136692138,0.3757228051255743,37.731299444583485,1.5465949616736254,76.33863468297376,49.2823939655231,44392.28388135592,3831.813559322034,193952558.5762712,-2347137751.2022758,-14814.309433333334,-0.5183389830508475,24972553.037118647
7940.957881744731,196.48829905242172,172.5001879912584,93.5110480417606,0.9455328284433676,171.07033243846857,1.9999843934534665,75.08762826388414,49.018399778884906,47662.43879661017,3847.9830508474574,193638087.76271185,-2348818605.365509,-14033.639488888888,-0.4843728813559322,21998481.53983051
7205.948109704431,170.82673514660013,110.43226357995148,58.3859477249037,0.6117397411450299,237.3107543466127,1.9798641987098065,74.62738854675133,47.60702593291696,64804.2136779661,3896.491525423729,192724707.4915254,-2354671413.614854,-13006.856044444445,-0.4934762711864406,17026906.145932205
7430.086474656455,208.51122154846192,123.96074357680132,26.47102137324596,0.7659231523259207,225.75504617859136,1.8774451400382897,74.84405404286386,48.05108515289458,62678.40532203391,3892.0338983050847,191572588.9661017,-2353705862.929903,-14003.357022222224,-0.5086254237288136,19578188.940847456
8217.025601668674,232.86226350647917,87.93724551195356,142.81867644627866,0.5513349674740606,219.0473955832809,1.999471919765272,75.93099304502815,47.34600361121002,54429.67383050847,3868.0338983050847,191657334.98305085,-2351100378.0602784,-14011.236866666666,-0.4927338983050847,21026835.46915254
7789.45282069653,73.80415722763854,108.7474944472693,246.1674136692138,0.3757228051255743,23.407671743516737,0.7147572349558485,76.35066751405958,49.2823939655231,42761.47447457627,3825.4745762711855,193949677.18644068,-2346214369.8864865,-14586.978955555554,-0.5196661016949152,25881599.315423727
7410.354830111509,184.66168139936903,238.32202206785175,51.15674102349787,1.971815632584922,48.32137237242354,1.9880355250760997,76.10761457875503,50.0,51073.00438983051,3854.237288135593,194777524.45762712,-2349956012.700012,-14511.71484444444,-0.4971813559322034,22237672.081525423
7653.157288859968,199.38373359634093,172.8110738548876,225.4458749609641,1.0293312906525451,172.62500022695852,1.9210055188763315,74.81676362469464,49.64702968111931,55429.88744067796,3870.677966101695,194423711.6779661,-2351275865.302309,-14062.071877777777,-0.5163372881355932,19798945.758474577
7454.819523886668,249.15940038878188,20.955900240182388,45.50011785895354,0.51492892449773,248.71383119239795,1.5875973673741326,74.47507358609585,38.18677671456981,117080.70572881355,3993.288135593221,191076593.2542373,-2362530478.431865,-9159.83038888889,-0.506828813559322,17211095.100508478
8089.151349806574,147.45406256929363,172.73445066328952,114.8238975123558,0.4344390059241708,252.5939668473075,1.96787591879524,74.63244960146302,47.99954190433322,51611.39266101696,3849.677966101695,192999111.16949156,-2350391285.9318743,-13066.093766666663,-0.4766305084745763,19286040.319322035
6005.3576849180645,49.882711446816735,82.36099247302724,43.98246428478654,0.6291921158854832,99.65638621492693,1.86414669765256,76.39485462538713,49.92638964010454,46194.94513559322,3836.779661016949,193956422.3898305,-2347964329.9112253,-14558.37602222222,-0.5105288135593221,24056026.91237288
8366.111730624852,233.9879226256168,173.86463718706102,76.6468138828975,1.034847149313747,63.9303617784862,1.990678777584768,74.81611844960231,49.31721004522775,63701.1447118644,3906.762711864407,191927245.83050847,-2353566152.297026,-15020.190566666664,-0.5219796610169491,21408082.42711864
7439.826602801667,146.78525073771644,97.7690059811701,38.423356978552185,0.2492899295750756,224.1761332443394,1.5981555124748736,74.67762482038582,47.26536685032049,59817.34961016949,3891.457627118644,191910692.6949153,-2353329557.317992,-12756.25301111111,-0.4823389830508474,17996117.63288136
7681.899251109431,198.6029595817622,97.7690059811701,38.423356978552185,0.2237270688696095,266.45430354377123,1.441122938166634,74.66664109632394,48.76612016218158,64932.26257627119,3897.372881355932,191918062.88135597,-2354753404.528994,-10552.437266666666,-0.4919610169491525,16182039.201694911
7472.0505051235505,218.6309227064457,177.4836332722079,22.05450780970382,1.1603101748550273,250.93626732936508,1.961648912910632,75.28195702600796,7.262759248081688,72530.42725423728,3930.542372881356,192652130.30508476,-2356994379.8092046,-11022.99487777778,-0.4958966101694915,15171688.02101695
7333.49625015874,220.80238988303623,121.91431165697576,21.942494218857163,0.8709165087559552,252.74407925407584,1.862008361709942,75.3647216901412,34.03308799380802,57701.31437288135,3873.932203389831,192886242.05084747,-2352752147.741697,-12523.229744444445,-0.4948881355932203,17848658.10440678
7286.979658842099,223.12354540292256,140.25474239359767,28.48431452189962,0.6705849326010889,214.62572159331947,1.1971786653624237,75.34006664711984,6.744874638906108,67584.69979661018,3889.728813559322,192983341.40677965,-2355241477.8433967,-8786.519466666667,-0.4988033898305085,15221205.885084746
7806.447614129705,61.33777047423222,96.4108915992276,49.81339764776951,0.2706843739186886,296.80834568334006,1.767481455261273,74.7131503944881,49.99614429442084,60765.4196779661,3891.101694915254,192464644.16949156,-2353540448.325752,-13099.44102222222,-0.4933152542372881,17919912.59559322
7289.647262114201,224.8122867254569,200.85030645656747,138.18212194035308,1.9058865047910285,261.1968950916102,1.5396137180946097,76.48658810219504,8.511035006700832,75813.97183050847,3930.576271186441,194339114.01694915,-2356970163.887373,-9530.10718888889,-0.4685152542372881,14374235.171864403
9821.31946117648,196.57719778903788,97.79760492758818,246.17844785405595,0.4382011400912381,2.9552854027716755,1.8870763954447631,76.35204536153532,49.42992213918743,47641.279406779664,3849.796610169492,192629366.6779661,-2348230221.6887984,-15054.476466666663,-0.5069322033898306,25780550.174915258
6083.684434376545,59.94102739443723,177.6979307217606,25.68291744240037,1.057379788965308,221.3181001174267,1.8521836108237075,75.5185237914183,40.20823852474176,49495.68840677967,3843.016949152543,194771771.6610169,-2349758819.821409,-13024.53212222222,-0.4781525423728813,19680360.46423729
7440.683744890073,161.2171808765233,105.7037318102423,147.00905615394214,0.9799783097973932,174.72138608601443,1.900136839265563,74.80879183959503,49.95133599660319,60457.79288135592,3903.4745762711855,194968358.1186441,-2352729995.380404,-14021.573511111108,-0.4624966101694915,18672081.585932206
7770.144518920802,134.00328661503644,70.25494415780605,239.88503471817612,0.0509328235240798,251.99730493818743,1.9583744152147555,76.47252950307802,47.40252587285063,44476.43633898304,3833.932203389831,193674214.7288136,-2346976416.488569,-13570.753399999998,-0.4930338983050847,23319767.075593226
9377.515057538987,67.09402027006588,167.44766621092512,0.6380974756852744,0.2053006447525115,116.0801237552581,1.836865029709668,75.76610176888718,49.53643972974653,37929.59245762712,3844.4406779661017,197597173.4915254,-2343200219.119439,-14007.719511111112,-0.5318101694915255,30113433.215932205
7025.328634800857,47.21136980159473,90.24890606109108,14.026660836522783,0.5083818036662372,24.33197497130185,0.9298331226291678,76.46479486347287,49.68057042339798,47833.5803220339,3845.830508474576,192870075.0,-2348469943.4640346,-14691.924955555554,-0.5092898305084745,24862523.705932204
8069.701461719746,215.50803089409783,130.17238333307745,100.82906999178908,0.7381235172144995,201.2648275610768,1.892464053630465,76.47787311805033,43.25135983369577,50927.62857627119,3850.0508474576272,192949509.440678,-2350169979.4529533,-13512.6061,-0.4913050847457627,20542927.70491525
6746.120895199972,205.4483963590833,178.68900948565502,80.11542640945987,1.1214785889878385,251.71480855136608,1.4020832157292074,75.11290783979697,49.46694544189276,46197.73801694914,3839.338983050848,195491704.8644068,-2348216459.138543,-12225.3178,-0.4804661016949153,20651737.318644077
7729.620856257695,151.78926391568717,233.6098790082923,43.15780071049251,1.0362160590095948,205.73037017559687,1.999441289704092,74.61496520855675,47.97068609320453,62031.42505084745,3896.745762711864,194865868.5084746,-2353674791.963424,-13028.716688888888,-0.4891661016949152,16921369.406440675
6978.298131694814,212.92404491988103,217.99781741079357,26.10890289601641,1.337512086990786,212.54163283830852,1.839862101258951,75.1736191156652,48.871076877663576,47766.56100000001,3837.3050847457625,194935464.88135597,-2349070588.191632,-13515.1148,-0.4883067796610169,20606948.325084742
7211.675120101235,207.8791237920241,0.7420696495126435,67.25033728817452,1.9387738667226275,120.9167099339698,1.9756925369347929,74.72860474715209,5.4772991918007925,133153.84230508475,4005.8813559322034,191140528.8474576,-2362581685.6396823,-11027.043033333332,-0.5072152542372881,19572066.54644068
7787.605483592776,114.74779284050838,183.3124886982931,0.0,0.7747328941169861,173.87025238155385,1.735850873708625,74.63285826116405,-49.11321809029049,68477.20994915254,3890.8813559322034,192847556.33898303,-2355575158.0449414,-10059.114288888888,-0.4871254237288135,15145450.21084746
7402.921584820428,239.40567872173528,184.5845442088254,24.51178578460697,1.0218164355129726,251.5074193326275,1.9929936032012323,75.18083493563819,49.72799797246941,46184.890135593225,3835.101694915254,194893908.23728812,-2348409244.342655,-13543.607755555557,-0.4806118644067796,21319657.679152545
7456.062916104333,97.90892353142604,102.7691442641065,24.00325617137864,0.9747887147892792,221.67504272017604,1.8313982246667169,76.42291022073752,48.12772055966011,54444.6020338983,3861.64406779661,192995231.3220339,-2351508489.2970567,-13573.993322222224,-0.5017338983050847,19658273.605084747
7822.98801162063,73.2660446718876,96.56005715518606,247.46225399523257,0.175388717923665,7.575256608190743,1.7109441627967346,76.32830663170085,49.19510573037893,41006.10662711864,3826.0,193961996.6779661,-2344940923.989457,-15002.60178888889,-0.5206440677966102,28133922.673728816
8594.717556283511,145.8006669075844,96.4108915992276,242.7085648506667,0.3152411967721845,2.3902107809048445,1.6217040868060906,75.98128658334754,49.42883953497624,45856.6057118644,3831.152542372881,192870815.3220339,-2347230116.810751,-15133.583699999996,-0.5100050847457627,26774218.899661016
9711.433333976063,247.1912245376015,183.3124886982931,0.5307603585083809,0.7747328941169861,257.86484939636773,1.849166534805942,74.63285826116405,38.28908099860931,65992.76118644068,3892.406779661017,192856951.47457623,-2355134249.256687,-12066.938877777777,-0.4950220338983051,16041791.87779661
7803.243968907172,109.5522167848168,91.00145330851852,247.7098714455093,0.1865352168895649,157.26219825732107,1.7747420684248072,75.44659000348624,49.931680153000926,42765.50288135594,3828.932203389831,193718279.1186441,-2346118691.700873,-14026.309844444444,-0.5068169491525424,24827801.670847457
