wetIndicatorThreshold,wetConfidenceThreshold,C1,addC1,P1,C2,P2,dryLevelThreshold,dryFlowAdjustment,Coastal Impacts: Upstream Buildings Impacted (#),Coastal Impacts: Downstream Buildings Impacted (#),Commercial Navigation: Ontario + Seaway + Montreal Transportation Costs ($),Hydropower: Moses-Saunders + Niagara Energy Value ($),Meadow Marsh: Area (ha),Muskrat Lodge Viability (%),Recreational Boating: Impact Costs ($)
9364.876460368949,248.59244556898176,170.02162805175607,142.62191053918593,0.9560071584441948,131.29174945951928,1.0103803118587114,75.02781013300421,19.57805090248259,67598.34652542374,3911.288135593221,191832650.16949156,-2355668044.1402726,-11192.042744444445,-0.4985152542372881,16192762.23983051
7139.117743235584,178.9064463228438,83.66532401160957,6.275031165040215,0.5821263105043204,97.83705030736924,1.9034153787945016,76.35697985415811,49.13847000127199,52795.35172881356,3871.593220338983,191966716.93220335,-2350445942.036613,-14674.86187777778,-0.5074559322033898,22943742.11966102
6243.501014379703,0.6748996608964006,258.4846448386125,50.21148874369642,1.507683799960423,276.51275495985175,1.9296366026765424,75.03723031643015,29.31125294688352,56058.63564406781,3857.71186440678,194459415.20338985,-2352207079.654993,-12130.419522222222,-0.4871661016949153,17031203.55440678
7886.55450705208,0.1216091447081559,118.1385918411654,151.2540753295717,0.4577186774542265,152.4765246223157,1.9918048736969705,76.40155280859386,49.99844803436343,42894.93093220339,3823.762711864407,194303889.8983051,-2346499806.630805,-14301.8891,-0.5030525423728813,24246767.53491525
7625.516126776467,84.0236233248946,141.0250445419197,221.8605453773545,0.3995011430174522,184.7146938523144,1.9626101665377915,74.5961352252772,49.70460285239129,52730.7709661017,3863.9491525423728,194501322.16949156,-2350740699.7655177,-13551.70921111111,-0.4834508474576272,18742566.88271187
7863.472524801149,85.88850851332117,127.60675063013042,237.98413064414973,0.5718853380352005,185.5307902297324,1.9626962544579516,76.26638252496056,49.70460285239129,44530.8410338983,3836.627118644068,193814081.8644068,-2347354973.414636,-14007.893966666665,-0.4901949152542373,23066728.136949148
7773.163709443581,18.4582691386381,100.20239683798064,247.54128388522676,0.0912145897972467,16.007393797221596,1.3792638092719167,76.44466771861936,49.98934315294935,39592.15571186441,3832.864406779661,194148463.30508476,-2344027870.8861794,-14768.985666666666,-0.5257372881355932,29505099.281355925
9169.385234689787,87.473173665123,141.0250445419197,244.4604115050836,0.4004302243930359,178.21544246388157,1.9906428260410007,74.67040798123332,49.59948881489691,56032.53867796611,3897.0508474576272,191767200.05084747,-2351633679.290677,-14111.875633333331,-0.4979118644067797,20645004.81847458
8246.426442045213,18.4582691386381,100.20239683798064,247.54128388522676,0.3047528844432698,271.65974308201885,1.986306096539838,76.5,49.81592138144333,46174.62720338983,3830.084745762712,192937555.1525424,-2347602674.8354225,-13586.827366666666,-0.4888033898305084,23387078.34966101
7719.860360611659,193.6066686587961,173.4752704526246,212.61381744454465,0.8572683279310291,79.4276912037434,1.9237421510854325,74.96242096587699,49.02737010814755,44531.58554237288,3822.6101694915255,194258422.62711865,-2347408515.6151423,-14521.202166666666,-0.5094152542372881,24113237.03288136
7811.318402187846,68.82238437828195,205.4053134084952,214.53983104877867,0.7756657329265543,233.67334373460736,1.725399278129718,76.25665777836348,20.19692532973272,52712.78850847457,3850.406779661017,193980632.23728812,-2350765273.1561294,-11518.047533333334,-0.4930016949152542,17902993.8759322
7838.559053712009,108.43608012100006,84.18393126515173,248.5383668628543,0.5554926621620905,102.53509943965796,1.9955988684090629,76.01822758884252,47.45110998646035,49355.35666101696,3853.542372881356,193755793.20338985,-2349288530.3495846,-14512.756166666666,-0.5079627118644068,22362561.575932205
7875.270908373651,45.09330997733275,116.68154340874317,172.84078131728825,0.1896450815319925,118.1620695586328,1.9797088519305617,75.93389438603397,49.94256561121608,39594.7202881356,3835.915254237288,194699290.4915254,-2344269825.320301,-14166.266677777776,-0.5180661016949153,27981566.99254237
8498.39780908834,1.480435195175538,200.5604614251215,164.19134126514794,1.1175567001233566,274.9707564934518,1.6505496517338176,74.65505138385925,49.110727892782,74224.61316949152,3940.745762711864,192652792.83050847,-2357229453.0418105,-11657.216788888887,-0.4854169491525424,15202486.280169493
7731.895485714053,16.661898236875864,118.1385918411654,151.2540753295717,0.3420539149879603,153.7600107713975,1.9918048736969705,76.40155280859386,49.99844803436343,41249.60442372881,3828.1186440677966,194844102.0338983,-2345523796.7823524,-14183.896399999998,-0.5104576271186441,25501787.02644068
7761.753098455801,132.35040473065,102.02283026358964,236.48482814975276,0.8859487686471743,185.8697037902708,1.9934107420579164,76.06870070965418,49.63242210630672,50012.313881355934,3855.203389830509,193910195.6440678,-2349786574.6176105,-14033.067077777778,-0.5033728813559322,20657447.62898305
9248.458798254398,114.86244826424772,143.4537425864465,2.9513620431902945,0.5099479498011665,12.515705208613852,1.3969450690981864,74.72695546981876,46.4588155177056,55910.97745762712,3889.35593220339,191772676.27118644,-2351160487.936394,-15026.7719,-0.5196389830508474,23208134.83254237
6355.196876184828,186.77642608434888,143.4537425864465,16.913177043399628,0.5240118527407331,6.2915539710763255,1.691082549520827,74.72697038779198,46.45072104973755,50953.851508474574,3880.576271186441,192547991.22033897,-2349641982.966414,-15131.477811111108,-0.5196,24011795.911355924
7763.202444192351,86.46087689503331,151.0752360745498,226.81881914842413,0.948104906666053,219.3960862638764,1.703418323789513,76.26501577980247,49.58996848206554,47834.0373898305,3835.2203389830506,193977888.54237288,-2349030689.29459,-13356.337811111112,-0.4960949152542372,20510749.366610173
8420.388410094254,121.83231137548714,87.41458395478588,30.087511561109874,0.3805878429103272,221.4984615166429,1.2530828635594715,76.19162730463927,48.899744857414966,52777.44550847457,3864.9830508474574,191985189.2881356,-2350476513.418217,-12331.802777777775,-0.4828525423728813,20487345.5481356
7846.555335949076,168.8379195213406,84.21899821090383,18.18720429874999,0.491874959143953,109.90282668040604,1.9493805880088912,76.35574857410651,46.031906122983365,52662.90238983051,3868.627118644068,192359385.33898303,-2350416608.0308814,-14569.364177777774,-0.5006881355932202,22431875.65186441
7759.41691193837,172.1648686307985,100.293191293692,248.59511665928252,0.4504708743828887,8.872323837720918,1.2993224893695028,76.40380804576839,49.44312860033873,44388.7299322034,3836.372881355932,193663835.1355932,-2347059883.196011,-15019.161055555558,-0.5115474576271186,25506550.180000003
7773.12123931092,91.19719338864024,100.55612515332272,248.41486785910064,0.177816175777333,103.69605930812004,1.6505496517338176,76.42381248796553,49.88547691577888,41222.37045762712,3831.4745762711855,193921676.33898303,-2345203644.473623,-14217.300444444443,-0.5088440677966102,26655619.04966101
8547.41551252618,205.43944262379176,141.24183204598222,54.86983789220207,0.6032945180637892,16.543047203459636,1.953800005876097,74.74166977380426,46.826072627855005,60789.11908474576,3898.6101694915255,191716076.7288136,-2352681962.6600194,-15000.538766666665,-0.5216915254237288,22388444.841694918
8790.81028879012,184.21694213981496,84.46630486383273,23.669908374767918,0.5685802171920311,135.84088012478293,1.9036958778081372,75.96088563058852,49.05478267204877,54190.43747457627,3870.152542372881,191641370.77966103,-2350869075.0561886,-14534.839111111109,-0.4979745762711864,22253089.04983051
7943.1437231976915,158.41962154130067,75.06170203441913,3.454154833299881,0.1955123974934126,97.06971520327497,1.6505496517338176,75.64675095098715,49.8854510987686,49401.34057627118,3862.9661016949153,191853629.1525424,-2348653889.215157,-14500.50901111111,-0.5016338983050848,24790787.555084743
8997.049893979807,243.547381715278,95.41362644798052,248.320294260078,0.6633948962446194,127.68286057135155,1.62643962266856,75.4393318369771,-21.09387075417343,113597.69706779662,4016.2203389830506,191137523.6779661,-2362528737.0377965,-9037.736366666668,-0.5144135593220339,16858838.980508476
7720.411113995009,100.93927843939952,108.61828819004332,166.7172083992781,0.4494822917293374,269.709389732365,1.952814266794641,75.58979788458367,49.41811196997981,44515.228338983055,3836.457627118644,194292944.9661017,-2347377686.6396995,-13327.807144444443,-0.4914677966101695,22336093.842711862
9974.689012509833,188.5736432824776,125.847811110194,231.79348239240585,0.5236929421963405,0.9475296460909144,1.8875768351979048,75.00096647399027,49.79750992610281,51929.05761016949,3860.169491525424,191876781.54237288,-2348856337.7516856,-15500.406566666665,-0.5063593220338983,26378921.284915257
9466.60810114504,229.22726138173445,207.15795911116172,37.26543147154489,1.1123380014886723,263.15515008879515,1.36342439129646,74.21683117263412,36.735408901170125,76827.72972881355,3933.71186440678,192662939.05084747,-2357414047.938292,-8133.183177777778,-0.4979305084745762,14368265.820338983
7479.088451481531,228.8792018302654,192.3243034011176,119.38937683361831,1.1087566691595816,300.0,1.6907072274253618,74.1201301173121,49.79862382815293,70931.35615254237,3914.627118644068,194973952.8983051,-2355703514.580464,-8932.709388888888,-0.4744847457627119,14390949.383389829
7710.17013855981,216.61660569175527,551.1127795444598,154.5658837781674,1.97828765471853,281.9140766682476,1.402001388243595,75.05308685375181,20.078063621500227,62681.7402881356,3889.06779661017,194302063.79661015,-2353834988.922172,-9567.380555555554,-0.4988677966101695,15147734.035932206
8922.768206084791,159.2628339792748,231.6608738981481,242.9600526045565,1.1036805199015332,271.99737649653605,1.642862134871284,74.63720899626703,49.43227711719752,68905.39152542372,3912.237288135593,193917631.77966103,-2355790281.975322,-11609.9294,-0.4832949152542372,15152388.426101694
8709.808295744351,91.1651395055199,171.25068253495152,54.92571450656772,0.9381240975488307,110.48408285586667,1.727249420381803,74.8132914485237,47.38461341412668,61816.5927118644,3896.288135593221,192028893.5254237,-2353323491.92516,-14522.522766666663,-0.5107338983050848,20220522.27491525
7948.99990184591,220.368697484147,91.90540370261483,76.85193211698251,0.5058031569870038,7.841551526363162,1.0086546071979938,76.40400823109427,48.98865212081026,49453.91501694916,3860.271186440678,192864851.94915253,-2348972171.2529683,-15004.396588888889,-0.507735593220339,24766843.65338983
8014.415207050025,70.54350205300398,70.01966480517731,235.76939578065895,0.2844020700963621,23.249280219549405,1.6772612684649966,74.75560287240458,49.99734333949449,68840.39249152542,3932.576271186441,192748590.30508476,-2353138171.2859025,-15596.382,-0.5052389830508475,23383410.36661017
8733.763260353058,11.074373870713927,159.95806267220271,226.6017206151113,0.739791320121102,277.8106182839027,1.685660407467866,74.92795680904645,18.860542495231584,65733.13844067797,3899.491525423729,191981810.88135597,-2355154466.861624,-10757.748855555556,-0.4957186440677966,16155499.391525429
7753.308535825224,132.25586355397593,102.02283026358964,245.66451196552595,0.9391393893343698,277.42957961040287,1.955651149952229,76.45514422824144,49.98611355938549,51037.20281355932,3853.847457627119,193920577.16949156,-2350305555.717295,-13519.779866666666,-0.5027661016949152,19496168.90745763
8226.696313674422,16.11914412863927,100.20239683798064,247.84794910715812,0.2981679880551462,20.06401289084953,1.8916968734449933,76.46880745477611,49.81592138144333,44346.04510169491,3829.5254237288136,192974816.6101695,-2346545036.64428,-15011.310377777778,-0.5104677966101695,26995030.345084745
7634.7558813229025,84.82031826343736,192.53388579064384,243.1148651210385,0.6859769381570502,2.766659228462944,1.232029784757651,74.73246275119361,48.76791887595704,46183.45522033898,3849.9830508474574,194406086.0338983,-2347970622.154927,-15095.87762222222,-0.5198694915254237,23922177.991016954
8473.99194062322,133.10029407845772,119.97739514942803,232.36445398806467,0.8326137798058513,191.26265911583988,1.9956315649254344,76.11210382300897,49.632984329748254,51113.72479661017,3853.3898305084745,192802323.8474576,-2350173038.87932,-14088.498455555557,-0.503806779661017,21305979.68610169
7576.142540010444,118.69231283941797,135.79299363396132,235.0125217235205,0.5057908664347616,265.3926701220691,1.989886033765601,74.60698515965578,49.87906682418702,57633.2665762712,3870.728813559322,194568003.8644068,-2352389827.1251955,-12702.26721111111,-0.4694457627118644,16931047.18644068
8142.529009647701,78.21200823020129,171.2210902365823,227.6228841922179,0.4929772746248753,227.8263980814544,1.9929543880814051,74.69054372186636,49.46309336945991,50824.95140677967,3865.661016949152,192898383.37288132,-2349907679.722255,-13616.981677777778,-0.4909728813559321,20687419.905084744
8099.77135309539,88.08740505958868,158.60100054343016,35.92091723948739,0.4944322291981504,220.99163616748905,1.2979014749377458,74.69054372186636,48.304581621615405,59363.06676271187,3879.0508474576272,192680939.98305085,-2353093082.4197145,-11569.382999999998,-0.4695796610169492,16944757.222033896
7822.336505318795,87.36073099260241,117.18915637015672,147.29314166989482,0.4491554101029733,112.66625247393183,1.9475463646109088,75.04740537983105,49.77145701294639,42681.68362711864,3819.762711864407,194578735.01694915,-2346416820.2198462,-14506.511333333332,-0.503535593220339,24905984.31169492
7814.449052283178,241.15059860448503,204.98217178580725,238.7833848453088,1.4827272254430182,202.1756560069792,1.99901612328513,75.01535100601916,46.98746901312315,57463.63566101695,3872.677966101695,192799744.0,-2351862612.9233217,-14051.198533333334,-0.4915491525423729,19746302.13237288
7773.677013683053,170.63430996387874,104.8204309235592,235.252262558268,0.2575295359226981,7.129020977022492,1.5814814586382084,76.46841217535251,49.98612598207664,41204.324525423726,3822.830508474576,193911733.6610169,-2345164324.4472146,-15002.60178888889,-0.5125915254237289,27870387.079152543
8142.529009647701,82.22786862732562,102.70289666569803,91.91248294984422,0.4924919905743352,235.8965225001822,1.587493022794696,75.3734842583941,49.78046352986316,49491.92886440679,3845.06779661017,192690667.77966103,-2349338436.4836407,-13021.309222222222,-0.4872881355932203,21356729.074576277
7816.347088751866,115.73784483935746,102.74329694914876,55.00873534591141,0.3460697117075897,8.52193668196513,1.39957340970977,74.7207978817931,49.98702975728542,55227.59511864407,3891.898305084746,192827676.1355932,-2350776417.3291388,-15561.933022222223,-0.525171186440678,23659517.935084756
7510.647326181171,247.75453690013205,105.13973492422544,235.1457595856894,0.2846610053173874,251.92981774490735,1.9967997172956584,74.63344691556051,49.87907244788813,55813.092101694914,3876.203389830509,194204816.94915253,-2351765571.23388,-13335.489688888889,-0.4749338983050847,17954855.25118644
7480.49707536424,229.59753000169576,167.966537500597,27.95965108740135,0.7524074565936189,195.7653057300912,1.9860011900228332,74.65085776316688,49.38047634325121,61770.38576271187,3899.576271186441,193688530.16949156,-2353732569.377354,-13512.053377777778,-0.4991406779661017,17778635.632372882
7864.298166706245,81.83453421510009,86.63991780209628,244.32221577316088,0.678104244927209,1.9763615985518608,1.2530828635594715,76.15358505857311,48.899744857414966,49412.205898305096,3852.016949152543,193996891.47457623,-2349098780.9232907,-15023.647166666666,-0.5115050847457627,23812177.05762712
8049.125534595089,102.35542410573817,171.45317759895133,89.10347156671422,0.491847310086019,266.58462400098057,1.749176578936945,74.65994335786365,49.394469231522,54360.6826779661,3857.4745762711855,193376203.8474576,-2351425573.299856,-12528.98092222222,-0.4685745762711865,17958493.4179661
7619.708668954253,85.49712759064516,125.97130381641242,247.9076978013466,0.5217735177891183,24.931632947052165,1.6675445025711193,74.74217532061219,48.92494623630526,49478.94984745764,3860.169491525424,194802403.55932203,-2349080088.095064,-15025.500766666664,-0.5190728813559322,22986335.054745767
9364.876460368949,248.59244556898176,170.02162805175607,142.62191053918593,0.9560071584441948,223.58929119528955,1.0103803118587114,75.02781013300421,19.57805090248259,70907.61825423728,3913.203389830509,191844808.6440678,-2356154270.267059,-8800.1372,-0.4997016949152542,15294679.89
7707.31775030761,244.79871421172305,210.22142898489764,225.8301787792032,0.8293762995929868,267.07279519732094,1.6921521292808093,74.64344111837995,48.562162291888704,61040.05428813559,3885.06779661017,193893693.1186441,-2353461946.056736,-12018.16411111111,-0.4729457627118643,16140061.914067796
7580.905224355078,198.39283257195785,112.20548451406825,131.99741211905635,0.3306595851656941,286.1854310893417,1.9230428338640684,76.44373773553902,48.57507405678208,42892.05888135593,3827.627118644068,194802981.01694915,-2346350014.5565786,-13114.715788888889,-0.4984542372881356,23345577.34135593
9257.67348208119,78.01905379747075,204.27191969388943,225.5176965083913,0.8652690666452003,289.5040617762716,1.956294778375024,74.66435192282663,49.95130608241036,62340.36266101695,3887.813559322034,193553041.8135593,-2353922017.1384683,-13005.754844444446,-0.4802677966101695,17065790.58016949
8432.01970312262,98.67706693550018,173.24118771128073,166.75890582561578,1.077443767433854,264.9319850626292,1.9316687845788425,75.96490796256991,20.341173500108845,64273.393,3897.491525423729,192810978.5762712,-2354885907.54665,-11739.44422222222,-0.5038644067796609,16193956.58237288
9161.729966037188,239.16436147372409,101.69363539703753,240.07924324471531,1.2302343176894197,114.806844002865,1.6524457866364404,75.67993118501732,-7.352426419379648,115452.35938983053,4014.864406779661,191133637.3898305,-2362575792.252431,-10069.4405,-0.5171728813559322,17529936.410677966
9222.211115565296,18.36110536902811,173.31538634238515,247.57951967147855,0.999208936234752,193.85545506400416,1.948600460520796,74.87018090363863,46.023366635041874,61008.04220338984,3891.152542372881,191981069.1355932,-2353356436.868756,-14097.64501111111,-0.5187847457627119,19685757.10932203
7707.31775030761,244.79871421172305,210.22142898489764,225.8301787792032,0.8293762995929868,267.07279519732094,1.916833884994693,74.64344111837995,48.562162291888704,59384.56866101696,3880.745762711864,193898461.2542373,-2352970927.6632686,-12836.399377777778,-0.4770525423728813,16877880.072033897
7788.070382317564,92.24960460872404,168.4618556875236,248.36577251142063,0.9894050177026364,72.57710542845939,1.9746332435115783,75.73485212184835,49.39563377124831,46000.40198305085,3834.0,193931727.1186441,-2348090664.3029966,-14500.241255555551,-0.5141186440677966,23439660.743050847
8341.358021447693,241.82468981354097,156.73734110695557,137.50536317408535,1.2056121172396497,192.58340270288264,0.7670659371097719,76.24327268543149,39.33407876689859,62681.804644067786,3877.508474576271,192955413.5084746,-2354042282.067549,-9618.779588888889,-0.490528813559322,16130543.01440678
7162.986701255216,248.91154108259903,83.00064919949568,6.169196793584877,0.586976833544799,273.3704194954854,1.9998220598635463,76.04044963744765,49.152994197708274,54441.32552542373,3871.372881355932,191754202.77966103,-2351218562.3344584,-13689.115277777775,-0.4964949152542373,20617803.36711865
9169.385234689787,87.473173665123,141.0250445419197,225.71207138364065,0.4004302243930359,178.20464299452192,1.1710969539572051,74.67040798123332,45.635874359358326,61657.79196610171,3881.9491525423728,191793235.7118644,-2353809002.6981187,-11533.38881111111,-0.4735542372881356,17044253.06881356
7761.595593473528,110.65618101462982,137.3873756478173,246.6997532963572,0.9227896018718288,180.6858187970217,1.991705590317248,76.40172634634862,49.40169023271567,47845.2762881356,3843.932203389831,193910182.440678,-2349002584.5532327,-14009.52481111111,-0.5061830508474576,21283592.52966102
9202.256462409949,40.86322819523677,174.32631868656915,206.79904364393343,1.375651229744741,189.46472156146456,1.947181346703328,74.87236062499845,46.01266570998412,73773.32574576272,3939.508474576271,191685147.8644068,-2356286403.320454,-14006.2889,-0.5109474576271186,18728889.36813559
8734.486619872909,39.23710818784789,88.91225989996991,243.59953109086328,0.5310219877949698,216.3979842666328,1.9660089558618508,75.38623352365357,49.56504089150706,52718.08584745762,3865.728813559322,191918725.45762712,-2350468563.551214,-14028.34551111111,-0.4996152542372881,21555455.28542373
9208.961808879643,146.16169729161066,139.94432139340304,242.5654319839195,0.3463678887277877,184.7085470876844,1.9464481422306357,74.65938818494404,42.64755249874516,55945.993169491536,3876.372881355932,191959328.20338985,-2351857786.617574,-13586.226744444442,-0.4852627118644068,19613863.074915256
7867.793004290159,114.2797473212196,247.9016420094759,235.2435300542684,1.075035873172992,228.8269117695937,1.344697816113932,74.65994335786365,49.99886943980679,65634.27864406779,3903.813559322034,193867809.23728812,-2354644776.5124874,-11119.092644444445,-0.4790338983050847,15209825.304915257
9179.262610145975,110.76804611133926,88.63694640078833,246.29757103862025,1.7071659573603342,236.459964163998,1.387691263967808,74.71833936861391,43.93848848686478,121611.60291525425,4015.576271186441,191133613.18644068,-2362552842.967218,-11032.678466666666,-0.5093728813559322,18338294.791525424
6243.501014379703,142.92418738895194,258.4846448386125,50.21148874369642,1.507683799960423,244.09152374591983,1.9296366026765424,75.03723031643015,48.724891664698994,47713.34106779661,3833.64406779661,194820070.22033897,-2349069661.5416665,-13599.443866666668,-0.4841762711864407,20428669.232372884
9492.451451679148,95.44707430240176,172.95716603873348,157.79338891364227,1.0837667340053934,265.38153062040954,1.3187251206996675,75.45049408810458,20.33861047618389,67285.31274576271,3897.71186440678,192749714.88135597,-2355500432.377214,-9640.007288888888,-0.4973728813559322,15277702.56457627
7774.586621057968,110.05588367349836,91.05360867575752,240.2130461848139,0.4158424056209022,56.63356025167023,1.9616995466549676,76.06610299813087,49.79970248170837,44549.851254237285,3837.847457627119,193920080.7118644,-2347282922.271245,-14697.432588888889,-0.5156999999999999,24761774.273898304
7884.476335474731,0.8736400259888768,102.30111676112143,231.5750927039364,0.3148009809026535,151.45085507491777,1.925234699356045,76.41056669120863,49.74658683426963,42877.40954237288,3825.508474576271,193722030.5254237,-2346327742.477614,-14227.432055555557,-0.5030677966101695,24612515.56440678
7715.297000000961,230.91680819755737,210.42821260778663,248.4628159595032,0.9404454719872912,229.0143347946044,1.9779118998435643,74.13689454770439,0.859082199367478,65854.11908474578,3896.830508474576,193819695.6949153,-2354886604.153407,-10736.000944444444,-0.4959305084745763,15217913.44338983
9910.795213051792,120.19244750072056,158.13001849441173,75.36377595958018,0.9667821994637136,60.38926805576526,1.885311991587268,74.81276262639047,49.84492697911813,65403.468711864414,3914.135593220339,191663465.6440678,-2353927208.434088,-15080.681333333332,-0.5195033898305085,21585025.458135597
7772.107329141585,120.19244750072056,158.13001849441173,75.36377595958018,0.95345097771399,126.99361056869236,1.8620754210200017,74.81276262639047,49.84022968053647,57586.58630508474,3884.576271186441,194442654.33898303,-2351921406.3273826,-14600.782655555557,-0.4964203389830508,20293860.35881356
7747.544757617573,133.78855452185564,138.3130354831631,247.5801708722116,0.9227896018718288,180.67501932766208,1.8978853211078948,76.32119398540858,45.44164040019774,49456.884,3847.847457627119,193831077.22033897,-2349663945.1232967,-13765.682077777778,-0.5001440677966102,20357279.61491525
7781.083310408707,153.02926121577735,249.74376114343733,246.03990395170916,1.2688654184916506,247.1140162257045,1.592672348651085,76.21636010739137,22.116991649046238,59209.82420338983,3877.491525423729,193908229.05084747,-2353081152.544492,-11032.0322,-0.4991169491525423,16107458.109322032
7721.074434886507,246.77451039710644,215.58984228833847,226.3943308443749,1.10763275339296,244.301402681766,1.371003931547133,74.02034364183775,49.91734704515727,72981.98633898306,3930.745762711864,193906616.20338985,-2356221861.8655505,-8445.641988888887,-0.4837372881355932,14381368.016949153
9956.423105661856,114.2797473212196,247.9016420094759,235.2435300542684,1.075035873172992,228.8269117695937,1.344697816113932,74.65994335786365,49.99886943980679,65805.70755932204,3898.661016949152,194403602.83050847,-2354767992.629125,-11119.092644444445,-0.478542372881356,15264623.89677966
8049.125534595089,192.14042222409984,168.5203484719281,241.84941994748573,0.484993883923063,220.7515832346984,1.749176578936945,74.65994335786365,49.39649109026228,54144.82545762712,3858.847457627119,192777542.5254237,-2351332224.4022784,-13206.29512222222,-0.4925474576271187,18827964.01779661
9301.15259444072,50.68445859396607,190.90337127671503,242.2220051815829,0.8753093476146947,285.722822590815,1.9457705110418075,74.66435192282663,49.96546901858269,65432.97559322033,3895.338983050848,192904564.77966103,-2354800788.7830167,-13028.690366666666,-0.4853949152542374,16931153.3279661
8574.915965128845,90.33862280933263,45.449090719368975,226.4708374448593,0.8599605087418356,248.04722042616865,1.4984354486464633,74.09304006285109,48.62625510758108,130190.07779661016,3998.423728813559,191089436.47457623,-2362789803.571624,-8671.419688888887,-0.4915389830508475,17973024.199322037
7220.637333271956,224.7909413612372,76.83815712268039,140.1611672122046,0.037130848898355,125.31358914766378,1.9856835181715868,75.1118513552034,48.31268663461665,39594.95023728814,3831.508474576271,195660886.88135597,-2344432443.7446904,-14128.226566666666,-0.5142203389830509,27490826.64016949
9543.580482438469,84.04129211366097,69.14209652172048,226.82805919027035,0.0249068700539535,281.5573794529907,1.9736383573416068,75.56747435023252,49.57141313268085,49490.73840677966,3862.728813559322,191835071.59322035,-2348337623.843451,-13567.686866666663,-0.4791847457627119,23955947.81576271
8191.248268578891,128.3147444199572,108.61828819004332,163.05993910319663,0.4494822917293374,96.22183966292576,1.952814266794641,75.59824998853688,49.41811196997981,45928.20269491525,3842.203389830509,192992169.0338983,-2347654910.300164,-14553.617277777776,-0.5026610169491526,24727716.029152542
9206.936824412758,112.02580748044774,192.2383223212064,245.8020521891148,0.9269766574517664,263.2629666001018,1.5943200247537863,74.65389875540254,44.669748056482746,70443.2833220339,3919.4745762711855,192658506.30508476,-2356295038.775465,-11269.86511111111,-0.4932406779661016,15245265.087796614
7576.142540010444,121.41656956683435,97.58156131669476,235.2401524914783,0.5055123955891803,272.34632280350263,1.991135187339176,74.60698515965578,49.31039478279159,64309.98511864407,3897.254237288136,194998330.37288132,-2354196329.214042,-12500.44641111111,-0.4769423728813559,16031901.279152542
8603.37215032118,144.15950562433432,291.070772911727,243.36881271177344,1.1270476193561485,201.5317589059002,1.9980790699463165,75.05258998758025,44.68211633884491,44535.74247457628,3838.9661016949153,195711775.22033897,-2347495704.8279743,-13638.816599999998,-0.4897593220338983,22256852.19847457
7783.815083965196,98.31154000402776,168.4183591100036,248.36577251142063,0.9894050177026364,185.20072271816852,1.9746332435115783,74.80996482315167,49.39563377124831,55940.21993220339,3877.288135593221,194360908.22033897,-2351450245.3121457,-14202.615055555554,-0.521122033898305,19655614.637966104
8270.579873487834,96.02077666830726,171.46327717314966,231.41280523557415,0.5005583676902042,227.8263980814544,1.3469415231124562,74.65994335786365,49.48035473948344,57501.938305084754,3866.898305084746,192862228.18644068,-2352394390.4653745,-11211.468444444445,-0.4772779661016949,16969443.354406778
9640.659050859818,186.78777594796335,87.30319061655725,213.0240301432123,0.3989044540823127,80.01562555703188,1.6821307759835291,76.35846480380829,47.47261489299994,51062.69789830509,3867.0,191891823.5084746,-2349650413.4397087,-14557.72632222222,-0.5013966101694916,23681761.40694915
7885.671508048171,143.27877774056876,110.99901925673258,102.87008378721544,0.3806578861266114,92.79705201702689,1.99380572051187,74.71469695134147,49.92112401428902,56039.77986440679,3887.288135593221,193841779.1355932,-2350776867.180285,-15166.698777777776,-0.5149610169491525,22320948.29932203
7533.129719540694,162.82584818844353,261.47898519376736,129.20983645115277,1.643116370691712,298.83239048306507,1.6910050291791827,76.23905321386329,19.211066022470103,64234.1785762712,3899.6101694915255,194884788.94915253,-2354413915.0642905,-10503.045766666666,-0.4766169491525424,15133722.330169491
9227.48997102666,192.14042222409984,141.995195038958,2.7436473270254997,0.4743299921826223,266.58462400098057,1.749012158618962,74.65780013760475,48.246742353671095,64140.26677966103,3904.915254237288,191764389.6610169,-2354516070.1859,-12538.206833333334,-0.4582762711864406,16962572.55118644
7720.37452851703,52.91534303755391,139.21853904568377,238.9811268675092,0.9865878071326164,277.17320871631875,1.9984473100762743,74.6583830796809,-25.417281262440905,73327.25755932202,3931.3050847457625,194935279.76271185,-2356262557.092204,-9508.950399999998,-0.4901169491525423,14391292.277118644
8438.56518063943,195.40436085863507,159.95806267220271,230.29116107091008,0.7460353877076853,281.0847821978381,1.691121243958888,74.7006045491413,19.00582370966965,72318.30166101694,3922.71186440678,191935331.62711865,-2356786838.675905,-10516.683666666668,-0.4905135593220339,15251660.695084743
8952.842062910284,184.9856225574523,192.13511007304692,8.13675872592026,0.8546359529729834,119.68487194694752,1.962322984887428,74.78877276815295,48.34459934715029,54326.70389830509,3863.915254237288,193036693.7288136,-2351103816.7052646,-14531.92311111111,-0.5095898305084746,21284918.97338983
9207.82131186062,203.4336203854141,144.32442999685753,245.57664954715776,0.699188280242047,183.23407898444117,1.9794425934649904,74.64797252046435,48.82733910956068,70324.51445762713,3928.9830508474574,191458979.83050847,-2355970992.7412314,-13589.936522222222,-0.5009508474576271,17923871.01898305
7739.658562424492,113.55653141839927,137.80860693050073,245.8020521891148,0.9269766574517664,269.90528294759065,1.591108327662482,76.48460723846601,33.96458188950895,55707.55755932203,3866.728813559322,193984110.9661017,-2352015503.96469,-11605.250455555555,-0.4866830508474576,17078379.567457628
7819.725849402302,212.70660865256932,127.81533826682109,25.11934275224158,0.4901824207841928,120.21150733684372,1.8011136405239316,74.75084567382518,47.35879653412761,57383.24027118644,3889.762711864407,191993435.94915253,-2351854505.905475,-14651.433555555555,-0.5129271186440678,21380804.57762712
9622.379536212811,146.16169729161066,141.8729835180881,229.43218014814116,0.3953783615481523,242.5519547412526,1.9938216124998829,74.64588162376712,41.52303744645414,59329.91184745762,3887.186440677966,191907014.20338985,-2353114187.084237,-13009.04932222222,-0.4799457627118644,17993335.94881356
8436.616761288764,58.19257114721506,108.559119523315,237.949403857784,0.5297654802436307,159.55582905008018,1.9305141405614583,76.02306003021215,49.95022698976428,47818.180847457625,3845.3898305084745,192939676.37288132,-2348722827.713624,-14112.448766666665,-0.4958559322033898,22993317.20084745
9797.699493216423,93.78676480569624,179.09812828683766,9.171957218563946,1.1190303344347872,272.5687335236668,1.0590292263424614,74.64194892761593,49.8914392426916,85605.23499999999,3964.35593220339,191925423.8644068,-2358833645.046293,-6637.22741111111,-0.4869745762711864,14395362.681525424
7931.768428709672,146.16169729161066,141.8729835180881,229.43218014814116,0.3953783615481523,242.20099177079052,1.9938216124998829,74.64578075699765,41.548069315080085,57467.14472881357,3874.4406779661017,192711820.1355932,-2352268699.80735,-13009.04932222222,-0.4762423728813559,17979174.118474577
8260.62528439273,85.57290398651384,45.449090719368975,31.585380273954456,0.8599605087418356,234.9811606917395,1.9998682345469376,74.09875253382125,49.98753642925708,126526.62723728814,3998.203389830509,191095790.98305085,-2362587943.758909,-10236.095266666664,-0.5016610169491525,18354839.795932204
8336.365364833451,9.787492978303847,69.70816007900139,148.48852696560522,0.0196711059987109,113.02478690972828,1.9409300922278616,76.31779453471448,49.46844108079912,47530.6550338983,3855.864406779661,191941078.01694915,-2347470921.7971115,-14559.2005,-0.4798864406779661,26095011.10186441
7594.382704141173,192.14042222409984,168.5203484719281,241.84941994748573,0.484993883923063,266.58462400098057,1.749176578936945,74.65994335786365,49.39649109026228,52110.95450847458,3851.779661016949,194090218.93220335,-2350659974.7903733,-12550.04391111111,-0.484306779661017,17944055.72355932
7698.128712470137,70.82486695629193,159.09029568149617,0.6383775415816626,0.8370802709202024,192.63601563891328,1.9468806320373089,74.62854872953099,47.43641827530226,71725.54891525424,3935.186440677966,191748025.06779665,-2356485088.333404,-13214.950222222222,-0.515571186440678,17051660.796779662
7801.885076617883,132.25586355397593,102.02283026358964,245.66451196552595,0.2213563331302057,277.42957961040287,1.955651149952229,76.45514422824144,49.98692325275382,42853.077728813565,3827.237288135593,193855125.440678,-2346095927.502517,-13413.901466666666,-0.4983830508474576,24248373.588644072
7576.142540010444,183.6702505862511,192.8032801929141,235.1457595856894,0.8501320375180437,161.17694525638578,1.9967997172956584,74.60929410705836,49.87907244788813,59702.63176271187,3897.576271186441,194365287.4915254,-2352837140.6687107,-13520.444233333334,-0.5089101694915255,17936089.11271186
7767.03945655914,113.27036050496352,164.60832988019027,248.1663502692184,0.9369259399237068,166.49865372681978,1.9817998658970095,76.39560128511366,49.9396140934751,46136.07330508475,3834.5254237288136,193841681.33898303,-2348236792.936083,-14120.9146,-0.5036728813559322,22124455.704406776
7769.377165542261,136.69288895496763,158.13001849441173,12.12750899742744,0.9667821994637136,62.303827361828326,1.885311991587268,74.81276262639047,49.84683965105454,63848.35057627119,3908.728813559322,192071438.54237288,-2353583441.7472343,-15060.512388888885,-0.5206644067796611,21483626.82016949
8779.236101700375,83.56973927766182,204.53602396778305,35.274287912646166,0.4603440053635803,4.980587079744311,1.7358239472207235,76.35033214963342,49.9870759826388,37943.999338983056,3824.0338983050847,196776137.55932203,-2343357439.50041,-14693.926833333331,-0.534,30756218.92101695
9342.290772700184,107.58757047896268,190.4006746393698,8.992031390789494,0.8566675901858165,296.5960383969376,1.978272852696396,74.66395588269407,42.51538963853199,65985.10320338982,3897.2203389830506,192983435.16949156,-2355080707.3421097,-12531.108677777776,-0.4826610169491525,16102467.41220339
9181.917368171278,78.71299490764281,139.94432139340304,156.61223744820208,0.3477871119424928,184.7085470876844,1.7045356799437985,74.64730466015992,42.41404485848056,57617.50449152543,3879.0508474576272,191802526.98305085,-2352502335.2641826,-13010.109733333333,-0.4834728813559322,18509156.49983051
7481.617045791089,120.77230232875412,166.61847932154282,113.8766091457886,1.1493832356466682,300.0,1.7498928149575663,74.11275460407997,36.0323953460844,72364.25352542372,3931.271186440678,194884255.440678,-2356115602.167552,-9129.51752222222,-0.4631694915254237,14362736.741186442
7510.647326181171,244.11692730699687,105.13973492422544,235.1457595856894,0.4055661813819237,251.92981774490735,1.979851474631543,74.63344691556051,49.74936754805053,59377.98576271187,3880.542372881356,194430485.8983051,-2352910546.7288857,-13106.282377777778,-0.4869881355932203,17091304.7
7479.088451481531,6.61248963096449,88.2845853586428,116.0761698780035,1.1087566691595816,300.0,1.6907072274253618,74.1201301173121,43.81916334327215,80774.22666101695,3958.4406779661017,192882840.76271185,-2358299069.652495,-8750.691555555555,-0.4953372881355932,14328019.148474578
8168.455282272838,121.65165746008418,124.4951180304292,25.73958367442623,1.1061653431217795,181.49121253477384,1.9128996097228872,76.39012111500223,49.96245296317152,54428.90823728814,3862.152542372881,192556737.7457627,-2351335675.216451,-14070.20718888889,-0.5050864406779662,20509202.627627123
7980.019427628534,6.979465162049657,91.86858015721852,226.7097429372425,0.5101718157357077,0.6598689479017406,1.946106445444919,76.4397691899142,48.0058667012504,47787.37194915254,3850.745762711864,193699047.06779665,-2348184152.492483,-15059.457955555554,-0.4958440677966102,24786634.86932203
7747.905581556638,137.4723301071335,138.1358722217671,249.2610995182297,0.9574916585580788,268.39545661733115,1.768341753152481,76.09753408338611,49.22778912044746,49413.408,3845.016949152543,193764274.05084747,-2349678757.7143,-13094.615877777778,-0.4987186440677966,19758108.08016949
8787.502626922529,191.98970910396355,70.80685737239872,171.13505450666736,0.1471909318656065,10.45426931497252,1.3543109938861595,76.49912996089581,49.97054325977667,49408.36081355932,3860.084745762712,191834009.6779661,-2348254218.7662134,-15189.77398888889,-0.5000372881355932,26621249.011186443
7683.246111145562,102.03971331986592,124.84053527300765,81.18940716351642,0.9126775954508972,85.12150312225033,1.791531267993043,74.83467553988095,48.19930602036819,60827.51991525424,3905.152542372881,193527142.30508476,-2352865511.805442,-14525.392144444444,-0.4955169491525424,20511454.903728813
8522.292000403057,97.80879026266568,176.43748575311645,239.97003059177908,0.6859769381570502,25.011018675405303,1.9560361662777224,74.73246275119361,49.91974410914602,52782.37154237287,3870.898305084746,192993684.77966103,-2350252413.637302,-15139.571333333331,-0.518922033898305,23282956.153898302
8022.044551440151,35.44488581683726,92.41103241036606,241.91731629540308,0.5052456717211303,106.06045476130384,1.9026939444823283,75.38306346637734,48.0058667012504,49278.97057627119,3850.135593220339,192950916.0338983,-2349002734.885842,-14546.199377777775,-0.4902593220338983,23080269.376949158
9016.2383780154,113.85608890253718,125.44449330826436,229.00312507326765,0.4989706255286392,0.937525920410387,1.2697354203019606,74.7461321543762,49.97761836289435,59272.67415254237,3891.2203389830506,191486465.05084747,-2351714622.817619,-15531.06982222222,-0.5105491525423729,24143429.41372881
7479.088451481531,66.55770984165316,88.2845853586428,116.0761698780035,1.1087566691595816,300.0,1.7770660606392348,74.1201301173121,43.81916334327215,81621.25435593221,3968.016949152543,192967513.59322035,-2358509471.365825,-9029.474488888887,-0.4998542372881355,14383587.853559325
8142.529009647701,78.21200823020129,171.2210902365823,95.9220616719504,0.4929772746248753,157.1863149090638,1.9929543880814051,74.69054372186636,49.46309336945991,49437.08694915254,3858.423728813559,192996302.3898305,-2349323142.030852,-14041.430877777775,-0.4885355932203389,21870572.848644063
6907.233861823767,34.11765681640196,110.86469698322428,108.93886437747092,0.3977210409325277,63.81011748635446,1.8975461362546264,75.21900603145338,49.848432719935786,37918.22018644068,3834.728813559322,196855407.8474576,-2343237335.896408,-14368.186922222225,-0.5471135593220339,30565228.39169492
7911.974393322126,166.3338209744598,173.0385756403596,248.7923872512494,0.8925405118144991,26.136281273223524,1.609832142386382,74.79385352283516,49.88827094933736,57588.63567796609,3881.322033898305,192961804.9661017,-2351500690.978652,-15071.298411111107,-0.5020779661016949,22344320.95237288
8994.014272207422,93.21241225623686,88.4324665583392,152.67186087222592,0.3636625201038481,170.57294042874216,1.9243825683020368,76.23091740586696,46.1939236774601,51129.45030508475,3863.8813559322034,191969973.45762712,-2349807902.8390994,-14015.6687,-0.4908745762711864,22418943.57118644
8902.297458912757,206.9400986868995,32.82612194183044,235.7436390436897,0.7312634554407208,183.21171974264752,1.9742574678219584,74.03554841765579,24.207917657366544,135279.65493220338,3994.423728813559,191099925.1016949,-2362546126.485837,-10517.883466666666,-0.4980237288135593,19092384.473050844
8049.125534595089,249.36331381061595,168.5203484719281,37.17284714504444,0.4852679015606858,266.58462400098057,1.749176578936945,74.65994335786365,49.482873849667385,55211.73133898305,3861.491525423729,192826886.93220335,-2351804379.85456,-12620.490144444446,-0.4836762711864407,17936161.929322034
7765.956082733252,128.4300477426569,158.13001849441173,75.36377595958018,0.9667821994637136,60.38926805576526,1.885311991587268,74.81276262639047,49.84492697911813,57595.90188135594,3887.677966101695,194541141.37288132,-2351745608.807182,-15027.837333333331,-0.506264406779661,21416379.342203382
7743.698647664261,137.4723301071335,138.11478728247684,247.98820020866572,0.7369838873607335,274.76103918365226,1.9974284942563263,76.12536286604384,49.88509973480159,46165.73076271186,3836.6949152542375,193702066.8983051,-2348221514.6987634,-13506.756255555556,-0.5053745762711864,21483133.136779662
9646.12263950995,149.33912648262148,87.30758335506665,172.13568464435792,0.387652109141128,0.6017285856839925,0.7121319917990202,76.00098838569814,45.36094643269726,51134.13620338983,3867.1186440677966,191941901.83050847,-2349484971.480721,-15003.788766666668,-0.5020813559322034,24883606.39525424
7776.575906224418,194.0385849213808,125.49863838109398,230.2735020923892,0.5564283559772337,1.207341414328578,0.9084719792959448,74.88175186496825,49.72698508435038,47750.35447457627,3851.457627118644,194073508.9661017,-2347800493.3863707,-15501.172566666666,-0.4971627118644067,25679128.36644068
7832.799456509016,52.06673820551176,202.0022154333868,229.56723849639087,0.8293762995929868,273.0126689097383,1.7840188353518067,74.61770834395737,-7.4441514664456,64294.50674576272,3884.423728813559,193775206.93220335,-2354263252.8514075,-9370.389988888888,-0.5036033898305085,15097882.447796611
7819.725849402302,113.63563642688926,127.81533826682109,66.66648016932106,0.4901824207841928,111.31010780081706,1.738543063457716,74.75084567382518,47.35879653412761,52544.151491525416,3872.9661016949153,194405228.55932203,-2350392371.450465,-14511.503066666666,-0.4951898305084746,21438519.577627115
7162.986701255216,248.91154108259903,83.00064919949568,6.169196793584877,0.586976833544799,17.57022536745533,1.8759336400255409,76.17232407819766,49.152994197708274,52701.51325423728,3869.796610169492,191923932.83050847,-2350219577.810344,-15005.814644444445,-0.5113372881355932,24179643.807457637
7477.488245532843,177.16579865132593,260.095794013103,8.57139355702591,1.491583137784401,298.84769952296824,1.6907072274253618,74.45576434942329,35.443839497269096,77518.57628813559,3939.084745762712,193738356.05084747,-2357519153.03284,-9017.767277777775,-0.4757661016949153,14348990.187966105
9164.50258902354,139.67630376910145,141.02195711499283,155.21726537095876,0.4056786914692119,228.5469997914089,1.94679811483536,74.64690229223261,49.787261802492296,59030.93010169492,3888.661016949152,191815312.33898303,-2352917112.439321,-13523.982955555555,-0.4882440677966101,18784545.12186441
8473.069308331998,194.44563287671883,168.5203484719281,164.35485142900984,0.5897893711435118,266.547913549517,1.741892818037379,74.65994335786365,49.39649109026228,60992.92286440678,3885.322033898305,192663433.22033897,-2353621710.4531384,-12507.663844444443,-0.4720033898305085,17001175.352711864
6892.762013068382,162.76078417371983,258.90929887121763,163.06260715218482,1.624398729697818,283.70030465085625,1.6939809262607082,75.01428989460683,29.379202752772297,54419.1492542373,3858.745762711864,194898208.3898305,-2351473542.233168,-11314.4402,-0.4884474576271186,17071831.607627116
9202.256462409949,234.0691521298778,174.32631868656915,210.1540727645484,0.9593405757103208,189.46472156146456,1.948090207877336,74.81376175448523,46.01266570998412,62795.3367118644,3890.847457627119,192091048.2542373,-2353794927.5610085,-14011.402422222222,-0.5116050847457627,18879147.187796604
8581.8583537471,151.43365871914966,158.78416425939707,41.52861997533232,0.9152363949394364,97.42501854029196,1.915918476130695,74.81547116988351,47.05694928771487,64023.31645762713,3901.762711864407,191774238.79661015,-2353812767.3919663,-14699.764933333332,-0.5154627118644068,20669249.02169492
8432.01970312262,98.67706693550018,173.24118771128073,166.75890582561578,1.077443767433854,264.4477377177965,1.9793869949938807,74.65507394992574,19.43965778241818,79139.6598983051,3947.796610169492,191909286.76271185,-2358412638.274207,-11081.83871111111,-0.5036152542372881,15295646.62898305
7572.530144344905,31.477033560084514,109.83501611011258,111.61658714488092,0.3773706963727203,92.64871493042494,1.894727935942175,75.9854404560722,49.95936940928077,41187.78530508476,3827.186440677966,195869145.91525424,-2345624069.68435,-14507.423866666666,-0.5073186440677967,26094006.82966101
7818.172685351149,129.78300933344104,157.969068871565,215.55465359220824,0.557558007484812,60.38926805576526,1.942526170108667,75.43159236415914,49.86130064817234,41168.54130508475,3824.864406779661,194545133.8644068,-2345453006.878819,-14643.772755555556,-0.5184355932203389,26737911.095762704
8595.905730970295,244.4126704299649,107.67482401542672,165.21048415806388,0.4966642108586476,84.62381685202169,1.9181115803265776,76.10263954882211,47.55798200983825,47811.12033898305,3846.745762711864,192991404.27118644,-2348579608.6940966,-14552.117677777778,-0.5039033898305085,24101209.20254237
8044.825819886294,122.1848673851138,124.4951180304292,38.320486675556864,1.080119892175452,267.4889287643813,1.91126032294058,76.40293981828378,49.911633559879,54383.94693220338,3868.576271186441,192972114.3220339,-2351387394.955192,-13569.10282222222,-0.4930627118644068,19634393.90355932
9733.010893911804,84.02011923007933,69.14209652172048,240.3156014243512,0.0331471223887101,9.050862857085123,1.244393551651586,76.15824943441781,49.69450230005103,47831.082813559326,3859.271186440678,191879424.06779665,-2347369874.8422294,-15098.450322222225,-0.496935593220339,27595652.73491525
9737.205035963048,127.48602748588914,182.30009696361577,58.24995467654713,0.7860063206551299,70.87294588333424,1.784463779754024,74.7557357460983,48.73779334781916,56052.89028813559,3878.576271186441,192782086.9661017,-2351559343.952609,-14558.500055555554,-0.518564406779661,21530523.87745763
7542.408931195078,190.40834652036625,165.28148199277794,63.40874063628929,0.4898725800294402,223.89537887417185,1.8130067346943377,76.31846709776217,49.4743376681044,41192.77779661017,3827.932203389831,195761547.30508476,-2345411377.8078694,-13399.21898888889,-0.5059254237288136,25147532.41949153
7763.129387959936,130.1465308945967,157.969068871565,52.8662462710749,0.9667821994637136,60.38926805576526,1.942526170108667,74.81276262639047,49.84492697911813,59788.69645762713,3895.864406779661,193614775.18644068,-2352441281.2251124,-15015.904255555555,-0.5131271186440677,21473241.128305085
8005.290172902747,198.33728795293405,104.23959492567852,247.6843353582737,0.4508478329337689,8.94008779480592,0.9855598059914912,75.33917243483923,49.7952822870215,46139.13120338984,3837.06779661017,192933736.1525424,-2347526571.447163,-15028.478322222223,-0.5106694915254237,25825204.891864404
7777.7818327338255,194.0385849213808,125.43931986070623,31.79248909113237,0.5567578893611648,1.207341414328578,1.2419850308778662,74.88175186496825,49.72698508435038,51432.592322033895,3863.593220338983,192402207.20338985,-2349256912.2247744,-15512.61091111111,-0.5087474576271186,25546156.505932204
7758.325591424168,174.62491824399328,102.74329694914876,248.5782269481263,0.3460697117075897,6.82677518969406,0.6259786714844667,76.37139272290794,49.4562394268217,42846.62950847458,3824.254237288136,193781067.8135593,-2346165905.712751,-15000.4793,-0.5156813559322034,26480434.10830508
8335.862292533426,183.23357305611296,178.17570919606203,30.51688005993067,0.7524074565936189,204.2258293739813,1.9834845656013047,74.65085776316688,49.38817410217988,62920.0186440678,3892.186440677966,192699550.440678,-2354116052.3703194,-13523.294044444445,-0.5072661016949153,17878854.199322034
7572.899768960871,159.2628339792748,231.6608738981481,242.9600526045565,1.1036805199015332,271.99737649653605,1.642862134871284,74.63720899626703,49.43227711719752,65879.60125423728,3910.661016949152,194472577.16949156,-2354717635.732335,-11521.856066666667,-0.4985457627118644,15114875.741355931
7884.476335474731,26.741636900231907,110.11766475134397,231.5750927039364,0.3698510758552723,89.60069658702207,1.925234699356045,76.31929037090022,49.74658683426963,42569.797864406784,3826.4406779661017,193923905.22033897,-2346127915.4980464,-14538.20021111111,-0.5156457627118644,25693674.99186441
7679.346679708065,243.43681245070707,140.46638293952807,242.189863893376,0.3977294734305743,184.7146938523144,1.9375262035293408,74.59965834533999,49.70460285239129,54423.85994915253,3868.898305084746,193899025.62711865,-2351348716.660704,-13591.727111111111,-0.4770389830508474,18706180.99762712
8638.333246715398,116.89539488650423,102.91816723631788,55.10602034951391,1.714439717776775,240.0565869354686,1.1937272256924136,74.74279857587612,49.75224548504077,117553.20520338982,4015.406779661017,191139788.37288132,-2362524012.939204,-10652.056133333332,-0.503671186440678,17797267.98372881
7816.347088751866,115.73784483935746,102.74329694914876,248.70920129367596,0.3445391633729802,8.52193668196513,1.3983389761841862,74.71930511614062,49.93259580095422,52073.10850847458,3892.152542372881,194044407.94915253,-2349615630.9322066,-15509.08902222222,-0.5297966101694915,23633498.78135593
7781.083310408707,155.04670827625552,246.9409861008461,245.85554197175884,1.264660241166224,149.0677157134174,1.5920233836328153,76.229294083982,22.57984610939923,57680.13122033899,3877.508474576271,193904448.0338983,-2352623385.644453,-12196.115855555552,-0.4970067796610168,17008034.90881356
9301.15259444072,50.68445859396607,190.90337127671503,242.2220051815829,0.8753093476146947,285.722822590815,1.6039537782904278,74.66435192282663,43.53995098751453,69247.46655932203,3895.152542372881,192935106.7288136,-2355871828.729614,-10954.603655555557,-0.4912288135593221,15195224.9079661
7776.575906224418,194.0385849213808,125.49863838109398,230.2735020923892,0.5117187291218693,3.843224227275519,0.6264147272162174,74.72943223587589,49.9863787353169,54443.45786440679,3887.830508474576,193995549.54237288,-2350257663.833846,-15508.40537777778,-0.5111762711864406,23235758.571864404
8246.426442045213,99.16156526868268,99.41385305341755,249.22896697747188,0.3042496398252314,194.9684408485731,1.984716977321536,76.41565744070996,49.72504640327988,45836.66537288136,3831.847457627119,192891584.440678,-2347452786.977017,-14017.83418888889,-0.4916559322033898,24054890.8259322
8573.060540486033,96.5365918665791,251.8429460304302,235.2444851409097,1.0836858466725767,276.297689867444,1.6218307875747455,75.15680710148457,41.55923638953045,47838.38372881356,3838.203389830509,195279456.93220335,-2348959565.013491,-12179.984422222222,-0.4718915254237288,19708773.799830515
7440.162504654717,84.73021869309561,108.01882141585604,175.78062641058187,0.2446711224664519,16.06138002974618,1.2732436623827657,76.36577139828455,49.34651491095844,39551.756,3824.101694915254,195072460.91525424,-2344284613.6013007,-14719.24921111111,-0.5229305084745762,28759663.951016948
7820.334387484365,100.943948359502,84.46630486383273,248.05801431603217,0.491874959143953,107.05012801870208,1.9166627052278868,75.43470918161344,47.513937009267735,47759.5913898305,3846.796610169492,193920601.7118644,-2348791458.593623,-14501.129755555556,-0.5009847457627119,22666580.25661017
8205.254050368734,69.09852208781487,108.61828819004332,111.90101390515945,0.449682973186131,269.709389732365,1.9465174847772355,76.26504148851731,49.41811196997981,47234.669779661024,3841.1186440677966,192903840.6610169,-2348375499.704767,-13512.09904444444,-0.4868254237288136,22339517.36338983
8049.125534595089,198.45943291277283,168.5203484719281,244.08680125156917,0.4424771393535359,190.83635467768616,1.749176578936945,74.65978055463917,42.14063372190696,52648.02093220338,3854.5593220338974,192902775.45762712,-2350819000.2629685,-13022.922544444446,-0.481986440677966,19167638.71305085
7548.210757380062,26.339969176122928,109.9416743443452,109.06265969599194,0.3983541072285724,92.83789231439545,1.9091385162689576,74.71996923199316,48.78178434351831,45987.00052542372,3848.3050847457625,195767589.16949156,-2347998337.2133923,-14566.296533333332,-0.512642372881356,22934063.83406779
8135.795658073806,98.18683206061526,160.15746218606566,226.99189447263785,0.7321329823085566,273.0662287307086,1.736943375026399,74.65970187537685,45.81313198196799,69189.30754237289,3919.101694915254,191989482.6610169,-2355907873.374547,-12118.087233333332,-0.4761983050847457,15879490.033559324
7625.516126776467,84.0236233248946,141.0250445419197,17.7236256463741,0.3995011430174522,184.7146938523144,1.9626101665377915,74.5961352252772,49.70460285239129,57118.06977966101,3873.762711864407,192667089.3220339,-2352307039.771241,-13551.70921111111,-0.4814457627118644,18758114.88728813
7738.188886837612,54.04808510040797,176.4989830284245,243.1479616191117,0.5055939864012104,286.976367867197,1.9813171956065043,74.65997705105686,48.73008180232382,50844.22879661017,3847.101694915254,193967329.05084747,-2350204762.7767744,-13061.374077777778,-0.4927389830508474,18764395.03559322
