# Borg Optimization Results
# First 9 are the decision variables, last 7 are the objective values
7724.460246861794 163.70694826210544 150.23850230061248 236.2125082061751 1.1918062016348834 210.74090924818088 1.060955975994656 75.43788401479976 50.0 52721.12347457627 3856.322033898305 193946180.81355932 -2350934168.67875 -11710.552877777776 -0.4887762711864407 17979469.82338983 
7694.792822862254 41.35417258271882 181.58320492835628 90.57557005416365 1.134337671099537 206.1325296454008 1.8884854979793269 75.64600778971668 47.91081566018178 47791.6816440678 3838.593220338983 194880497.8983051 -2349049588.1007686 -13673.171344444443 -0.4907779661016949 20522826.607288137 
7046.149340663089 113.96878396854972 73.11396725758885 102.38032313058227 0.6806940178501973 43.47453647077319 1.9911605746177334 74.78140161571787 49.338607563301835 51036.294881355934 3854.9830508474574 192805071.05084747 -2349670236.150239 -15018.416277777775 -0.5214966101694916 23904779.051694915 
8449.40316475907 104.8956958992328 149.96023239512482 165.5660779502187 0.641229076111482 43.719820574963364 1.7568345320234433 74.74653878665785 49.39672081546272 57737.76038983052 3894.271186440678 191797349.59322035 -2351811307.417191 -15031.028311111111 -0.5197237288135593 22595177.326949153 
5929.093593490875 153.74396790711504 69.2962407881439 83.41733805270306 0.820923925601966 220.38929322912813 1.9511088572956519 75.33973851740853 27.073388770195862 57591.188254237284 3870.5423728813557 192899518.6101695 -2352644580.0756946 -12504.30202222222 -0.49065423728813556 17911450.58237288 
5559.558022196708 169.79790159317764 145.11081330678167 0.22067807168126663 0.5360930139377484 266.70914865492495 1.671013428886286 75.47026665280703 21.30645616369261 56053.41710169492 3858.593220338983 192927842.3898305 -2351956472.0910587 -11135.899666666664 -0.48329322033898303 17903363.45779661 
9607.719852109898 104.54569179230181 90.54757934734074 30.01677083545553 0.5733021552040327 137.8451605601282 1.9506804303505372 75.6160215887342 49.45315872288718 52582.08350847458 3869.2881355932204 191964685.1355932 -2350412371.47241 -14511.340788888889 -0.5004796610169492 22454017.80118644 
8488.193945450104 104.99860032410865 213.8035041030512 141.80048278326527 1.204650309192552 255.2363999419532 1.5575169497266854 75.08236728144865 24.436718985241853 62657.189338983044 3893.762711864407 192778507.45762712 -2354351213.4210463 -11052.480222222222 -0.49822711864406777 16082274.073728815 
9035.980597204829 8.829363706767424 145.93565479850406 25.276185618979753 0.6122037867062784 267.9694894316864 1.8922898512165045 74.65662088661252 49.92555043388561 67536.3013898305 3912.0338983050847 191744985.45762712 -2355431924.203088 -13006.814855555554 -0.4781627118644068 17056295.74661017 
5612.822064982188 122.29297906744549 143.57552846550954 23.307280184462464 0.6122037867062784 277.29790082254243 1.5606588611630625 74.6610022700294 49.74396970712163 64157.85750847457 3893.6271186440677 192489363.98305085 -2354581790.4929686 -11643.597499999998 -0.4901389830508474 16052230.415423729 
5615.570679684845 250.0 20.845236799191895 86.75881922249644 0.7335275627019819 82.9803699331778 1.5471237213796418 75.41545427259604 50.0 51093.4533559322 3859.915254237288 192603856.40677965 -2349979599.275925 -14504.484255555553 -0.5082118644067796 22830180.735932205 
6636.0443999772815 102.47947997282668 123.82827980306448 91.30320339329553 1.2085711172462927 199.0593735234753 1.6708157763396718 74.96496879922138 39.958895080728865 56012.341203389835 3866.3898305084745 192884006.6779661 -2352044220.618418 -13112.01722222222 -0.4997728813559321 18766752.729322035 
9586.534852386436 20.253753969803853 101.17998530996834 115.75871705487629 0.7926324589386917 253.67227714932136 1.8691814586370157 75.74313059494686 47.175298977909605 56071.918711864404 3871.2203389830506 191891751.11864406 -2351914029.1695266 -13505.497988888887 -0.4971610169491525 19741227.40423729 
9789.070461739419 100.45089652856187 175.4493166147554 168.86278407919582 1.2810521188504684 168.19955507825532 1.8145404848583466 75.35101584087678 33.7044999546761 59328.561847457626 3876.898305084746 193118732.94915253 -2353217343.8712406 -13027.62568888889 -0.4978 17996356.782881353 
7531.57351112393 155.27211019184404 187.89315950997147 240.47901175503267 1.317156994680166 299.9017815847368 1.9988203196289767 75.18394005281003 44.21108082816947 51146.702067796614 3846.0508474576272 194750864.47457626 -2350334472.4550123 -13046.565833333334 -0.5001762711864406 18837722.499152545 
9274.888150547482 140.50702715768108 133.7628837704854 100.84684856535624 1.1184963887939827 178.5247816703937 1.3545362408242123 76.23618389850252 49.61218195202881 54425.872864406774 3858.864406779661 192969520.01694915 -2351520545.818523 -13158.031599999997 -0.49365932203389834 19332246.753898304 
8802.954958530829 227.97532047331157 173.50176474323203 93.72122040247531 1.3891681220476622 172.22241671726061 1.8929247069337396 76.12183337370296 33.8865481562195 60806.94279661017 3886.6610169491523 192807895.23728815 -2353735079.9377933 -13013.584022222223 -0.5033728813559322 17930640.311186444 
8623.097957683105 140.57595600387455 20.706804406566963 165.68972377937513 1.2151395680857393 272.29516905739325 1.1355965974823565 75.54678985457578 43.43279824013115 95667.78635593218 3950.4745762711864 190996906.69491526 -2358596249.549237 -10588.83661111111 -0.4649627118644068 17939235.24864407 
7427.683997548065 97.63490187003364 57.82715434267271 47.479051910884166 0.5664527631535118 156.28059213408477 1.4566234749861753 75.4326460182498 49.66297282354385 52793.802288135594 3857.169491525424 192665146.72881356 -2350892022.627092 -13568.021722222224 -0.5114135593220338 20413462.56779661 
7067.826567865878 113.96878396854972 73.92074634984738 97.87647214876444 0.679322605379421 43.47453647077319 1.9911951617432324 74.78131519302417 48.6033664877598 52445.24703389831 3866.3389830508477 192697168.76271185 -2350359131.862623 -15026.16778888889 -0.527450847457627 23074392.933050845 
5572.98711970681 19.510961491500716 233.49433669814604 50.70408935442197 1.3061688414436525 296.13981322778 1.8847782669695465 75.10968742307536 9.748988051553575 64009.4933559322 3887.0508474576272 194645507.3559322 -2354387277.5378566 -10523.772755555554 -0.49282033898305083 15289111.066271184 
8496.345873645909 170.7110689520308 20.42019263152963 162.59532649163913 1.2340845564660943 277.63243037445653 1.5802684321983602 75.54678985457578 45.18944639570028 90684.45220338982 3946.915254237288 190999096.11864406 -2357633136.8976297 -12562.118644444443 -0.47132711864406784 19108919.086271185 
7838.019949195964 41.35417258271882 182.4290135292469 91.03896472518124 0.9682694475111362 206.1325296454008 1.8881915653728183 75.64600778971668 47.91081566018178 46192.358016949154 3832.898305084746 194761406.6779661 -2348330447.784938 -13672.159244444445 -0.4908101694915254 21336530.930847455 
7496.437891890035 180.52335512603713 127.76635103435196 107.58519485668182 1.1136332033516851 248.37977220615832 1.8289314143773971 75.04518155578293 26.69990599937721 62050.628474576275 3871.271186440678 193997691.4915254 -2354137332.3269653 -12070.521166666667 -0.4904355932203389 16165466.242542371 
9383.64499997286 179.92521680728612 102.63654703871198 101.0710508184811 0.33494143867828174 82.3801307325436 1.8268802865361833 75.58087540521555 47.58765686050591 45925.33822033898 3833.271186440678 192993514.42372882 -2347533164.8090563 -14555.93591111111 -0.5071661016949153 25188781.848135598 
6150.321723595506 112.84846104598422 117.85212876959585 120.03155022879373 1.179408383181211 291.08408488559087 1.627488759056405 74.78254993583634 29.24773397669598 69121.57105084746 3915.4745762711864 193880449.88135594 -2355819421.914624 -11018.58902222222 -0.5007525423728814 15255905.258474572 
7585.954067297897 130.80200532702776 150.00610993872618 53.08749164440056 0.7882540426148212 195.76750613442752 1.8983103161077415 74.78746396340979 49.36787187249662 56066.228711864416 3871.6101694915255 193692089.15254238 -2351796104.645055 -14010.461344444446 -0.503664406779661 19428494.144915257 
6197.398541556845 37.14171597452082 156.93966069682 22.081338337964084 0.5590443910979643 248.4919272868487 1.6711612904779298 74.66590092718307 48.677522440040256 55797.03942372882 3865.864406779661 193231486.98305085 -2352084154.423121 -12566.371077777776 -0.4857542372881356 17644523.707288135 
5789.127610920399 84.7470147461458 103.92308844842636 13.347925921031774 0.624378976685001 7.01015284255454 1.8460166301686742 76.13591063730253 49.22689420603696 47125.12710169491 3843.1525423728813 193373156.83050847 -2348237918.9308066 -15011.95393333333 -0.5108745762711865 25174459.890338987 
6872.967828393208 26.57408092270463 217.10841495835453 103.00946573692298 0.8875463438416451 36.78516329135664 1.908596476016389 76.20523059249294 49.753220766444926 39597.82866101695 3820.508474576271 195842417.57627118 -2344421561.630659 -14669.159833333335 -0.5296135593220339 28662757.77559322 
9380.012110000298 101.94882174906746 3.8494259780015483 0.5138730488687671 0.5327021353240995 185.46175597907308 1.8703640815601774 74.64725319889182 31.564512609452578 164841.40259322035 3998.3050847457625 191114507.76271185 -2362570231.3782077 -11209.84922222222 -0.47777627118644067 21069650.33474576 
7531.57351112393 160.87322898944603 295.19938283897716 186.48335475087038 1.317156994680166 225.77442147579478 1.9988203196289767 75.18394005281003 20.945468138850444 56098.47494915255 3868.2542372881358 194753361.6440678 -2352053705.6171193 -12058.349144444444 -0.5146067796610169 17059980.59355932 
6150.894405107309 53.26650972114548 0.14198565233036664 88.48323653797084 0.558589791551552 297.9989677985642 1.9931768053058072 75.90035874033012 48.67630037797125 54295.42276271187 3870.677966101695 191796904.27118644 -2351122229.164469 -13505.034388888887 -0.4885406779661017 20622948.689830508 
7442.649455260589 70.24853546527575 57.45466486412988 103.3984171324711 0.9013849871176478 202.5764929234131 1.9729910589007291 74.86351452812433 49.93194027330733 69266.80279661017 3926.728813559322 191752252.5084746 -2355344536.7638025 -14075.573044444442 -0.5141881355932203 18824193.243728817 
8499.951447593941 24.416464082223882 111.11044477148916 20.809446324523684 0.9470537438534851 179.19914048375787 1.8723561585660236 76.31170178941422 49.74001705771424 54432.96274576272 3872.6101694915255 192333699.6101695 -2351357002.956673 -14065.014977777777 -0.5034559322033898 20652180.566949155 
8062.619616779206 70.942677906158 105.23008096456212 113.1412014258294 0.35590164034966454 0.7226291746971195 0.713769503518367 74.89039322392418 49.871838113377805 51097.40755932204 3864.2881355932204 192837482.20338982 -2348347508.60874 -15507.339322222222 -0.49798135593220333 26636536.1820339 
7716.46601638587 114.89991288089251 69.78517998736527 87.84807382334212 0.6810270358120009 155.551565400205 1.8573718235897347 75.55771976647759 48.6367229719527 51035.72784745762 3858.2881355932204 194854699.6101695 -2350245732.1916103 -14063.35631111111 -0.4943338983050848 20547276.7079661 
7813.879897149038 83.4528299359262 229.0519439117543 75.9605337693264 1.1374839388782925 116.80315283550127 1.9998095343116733 75.20562114489861 49.62289057591402 44547.18901694916 3836.3050847457625 194967748.79661018 -2347545786.942208 -14406.726411111109 -0.4979152542372881 23321361.29627119 
7784.874892358205 95.09713819132338 86.54657480567948 246.1914935281295 0.33894856259964434 102.1984284682558 1.9847923528190763 75.75457293340742 49.13255324033017 44476.4116779661 3840.423728813559 193815668.7457627 -2347284193.202375 -14476.500955555553 -0.5102288135593219 24257610.168474574 
7779.743850162188 93.18084812139979 86.54657480567948 220.56774076716283 0.042299615542402524 81.26258289814612 1.6691685046928861 75.87717486189014 47.33783035048392 41079.75349152543 3830.186440677966 193957615.15254238 -2344983186.010948 -14278.172499999999 -0.5093881355932203 27173163.13559322 
8623.097957683105 140.57595600387455 20.706804406566963 165.68972377937513 1.2151395680857393 272.29516905739325 0.7153394712869403 75.54678985457578 43.43279824013115 101938.25854237286 3961.3898305084745 190992220.16949153 -2359317039.7186346 -7103.275955555555 -0.45605932203389826 17083396.548305087 
5649.250877357379 120.98001185128932 117.41078833402361 84.00938129649143 1.224675108537738 226.6287692334952 1.9237153862891057 74.83184106870137 49.95106691363593 64336.367271186435 3909.6101694915255 192270289.06779662 -2354137133.13031 -14040.265855555554 -0.5082338983050848 18729400.350169495 
7110.51854135043 166.48208412027034 143.57552846550954 22.48271774470745 0.6728862218036935 249.44899453371858 1.5872995929521263 74.6610022700294 49.75783165816751 65987.58162711863 3908.5593220338983 192211238.27118644 -2355197637.5424123 -12206.492177777776 -0.47269999999999995 16140280.236101696 
7696.350712065773 79.69550669742227 99.9672698920723 216.45233546899155 0.3606970466325354 83.79940804962307 1.8804014622389902 75.0938354318165 49.10852677782202 42897.38391525423 3827.237288135593 194526010.8644068 -2346446396.015202 -14503.349133333331 -0.5107372881355932 25101066.302711863 
9491.964124005943 163.56682519410367 87.81690710538282 139.14553960119292 0.6509020441949447 8.940909797893184 1.1409752008240053 75.54499270135415 49.45088358973885 53868.583305084736 3871.9661016949153 191949712.57627118 -2350546958.844481 -15045.685788888888 -0.5126389830508474 24096448.58779661 
7720.84981511889 148.6489908766581 149.5222915271852 95.34586531542217 0.5408045367783023 249.92023975923706 1.989323320891006 75.24680206895138 47.51593461571248 42889.07416949153 3824.322033898305 194791174.08474576 -2346474842.417242 -13528.259811111111 -0.4957 23315233.1061017 
9488.500987875392 152.22541725348273 213.8035041030512 141.80048278326527 1.204650309192552 218.83170463107254 1.8932739603084685 75.08600222506638 24.436718985241853 61028.57099999999 3894.762711864407 192820313.5084746 -2353884219.7532153 -12258.769911111109 -0.4980491525423729 16857895.79440678 
9491.679003227428 72.62216165345956 83.06310180696863 109.75154007923678 0.395697476413599 95.47757719293647 1.807023284659636 75.57270670210261 49.25542283529134 51141.40108474577 3868.6610169491523 191927675.3220339 -2349637917.561202 -14596.513733333333 -0.5064338983050847 23760683.295932204 
9008.994886071652 148.0695524132041 536.9722918265837 4.697197141007635 0.00013971739288637375 3.170068969210735 0.5557623015613673 75.31913381368368 49.999123706317036 44422.90247457627 3866.1186440677966 192986058.40677965 -2345668997.566631 -15037.891922222221 -0.5800338983050848 27766906.154576268 
7678.420353471939 83.65353164770374 87.117413700147 246.42442579568396 0.2990277650125166 172.91791898751814 1.800916403492986 75.27920786647108 48.91031629115792 44546.09805084747 3830.915254237288 193900904.6101695 -2347295541.851839 -13812.058733333331 -0.504393220338983 22964559.02372881 
9981.530559694256 164.1011535339102 86.50587274079112 91.71535631597291 0.16604485357369048 144.37243030067754 1.9362596863928014 76.41970160436287 43.078447541531574 48760.04457627118 3859.423728813559 191978978.42372882 -2348508714.162982 -14006.153644444443 -0.49200677966101697 23910429.86644068 
7584.399703923036 132.61127585625982 100.14399497995514 239.66253362386288 0.21411753730245808 214.52873815168175 1.9796571744411005 74.64678859919546 49.305738813455605 52567.578627118644 3862.6610169491523 194382688.57627118 -2350774055.1497803 -13521.242911111112 -0.5057016949152542 18701765.34966102 
7793.427703233731 153.947060834127 181.40416160861784 249.557094117733 1.1201552587056338 219.99649306435154 1.8721693731605331 75.39302576134291 27.073388770195862 57741.84869491525 3873.0169491525426 193706259.8983051 -2352692240.527104 -12307.461533333331 -0.49581186440677966 17079630.06576271 
9356.93274731404 181.60666909770563 3.177789459710816 83.23589646479427 0.2238238234154267 204.4703910843995 1.5863627608833748 75.55780060393091 49.47977722857967 92361.58891525422 3941.084745762712 190948101.93220338 -2356866121.342118 -13476.10012222222 -0.4716915254237288 20685940.348305088 
7693.423537887971 82.72985481487817 99.95636968465173 214.03379225976903 0.6380490927172665 80.40749255421449 1.914803504780341 75.25691057503151 49.00722723477584 46197.56427118645 3842.9491525423728 194302303.3898305 -2348162213.917662 -14504.523044444442 -0.5087508474576271 23256969.827457625 
7453.174796199262 107.6120702451123 159.13086285837852 97.35120852649007 0.3549783338547637 154.93402352007897 1.9988547037131512 75.20678160833353 49.606440827998384 39282.97388135594 3825.4576271186443 195680143.08474576 -2344202165.8962803 -14037.319599999999 -0.5237915254237289 27843918.180000003 
5984.845710745091 24.995679663210453 5.522610878961736 86.36416351810146 0.5457195263486101 222.68875257813943 1.9927869671796696 76.11938762912047 49.54801242420463 52133.82062711864 3863.593220338983 191986240.0338983 -2350370877.1715717 -14023.102977777777 -0.4981338983050847 21577492.446101695 
5789.127610920399 86.78253432015849 86.85435454054536 14.639777090941632 0.3734046010933764 7.01015284255454 0.6429986510012902 76.13591063730253 49.670169834066506 45742.36554237288 3831.7796610169494 192983941.18644068 -2347343080.0647564 -15040.68977777778 -0.5074728813559322 26313593.089491528 
9148.84425011387 164.61571839925114 219.9859484637301 135.0129241838428 1.3771861807897567 195.8065285913739 1.8534999357295017 75.13406148810441 6.718067235484528 74224.12471186441 3941.3389830508477 192481354.7457627 -2357310783.118726 -11116.050366666666 -0.5042694915254237 15242544.577288136 
8852.39165199175 160.62066260044912 74.02634287438154 113.31745595930335 0.043809455702509825 188.6939862090382 1.9884032618693084 75.60510263032629 49.39661481267171 47738.34194915254 3857.3728813559323 191946377.42372882 -2347712069.4928174 -14075.163811111111 -0.4788728813559322 24960161.18101695 
8814.911642308403 84.42697400693446 80.44609975117041 16.615620746745385 0.2875519732381848 74.67380339118061 1.7101314533455154 75.73194971320333 49.95784377062506 49490.4343559322 3863.64406779661 191958217.88135594 -2348842032.7302165 -14655.067788888888 -0.5066593220338984 24826744.69220339 
9980.297243800083 163.31274070628123 136.51887741493883 235.30990379360063 0.4980047877174813 9.65387943161732 1.3238530531115487 74.91299376869122 49.18265051188257 49488.98833898305 3854.237288135593 191971844.42372882 -2348177609.726188 -15243.840888888888 -0.5081491525423728 26595960.535932202 
7369.878948959177 53.75504772781187 0.14198565233036664 88.637085951001 0.5584879353469282 297.3736023561004 1.6478708141129164 75.85214845168602 48.67630037797125 60156.389322033894 3886.4745762711864 191801109.16949153 -2353391758.8425317 -12528.871411111111 -0.4960508474576271 17919872.981864408 
7778.580196965155 162.73857448045334 147.26283626687098 191.09957937409624 0.64539712054281 129.61502465997592 1.9848059452631324 74.752420334279 49.90707569057635 52536.08571186441 3874.4745762711864 194146138.9661017 -2350260681.0490656 -14563.695166666668 -0.5087847457627119 21307016.54440678 
5515.527886947026 223.8917052593414 1.35431141051113 103.10371041665513 1.050014739701806 147.8617382362616 1.8993957553869545 75.36027732672136 -14.906484060188909 113356.01011864407 4022.8474576271187 191127823.7118644 -2362576182.410644 -9538.667422222223 -0.5194254237288135 16967264.618305083 
7784.874892358205 94.52364543558184 86.74062304247519 246.1914935281295 0.33894856259964434 80.26797053671697 1.9456215985352374 75.76994878843614 48.61518032396408 44496.947118644064 3839.4406779661017 193761361.83050847 -2347263535.281898 -14560.144044444443 -0.5137677966101695 24454985.572711863 
7672.700631174393 241.23576791721095 234.5933158766316 239.63503401913405 1.3256026798220357 174.13520327971702 1.9804471566555966 75.00642513011589 49.77418148766535 47542.68955932204 3823.0338983050847 194276416.20338982 -2348932353.497448 -14045.652655555554 -0.4956694915254238 21325093.77135593 
8101.195468205307 66.06021143563756 227.24986739406376 54.12668945596709 1.145943220823648 114.81107314564234 1.823005235344962 74.89057693055078 49.56212715879035 49475.45822033898 3849.186440677966 193686672.0338983 -2349340176.6260037 -14620.715677777778 -0.49456440677966096 22410048.456949152 
7837.777481409168 98.9189188553241 146.2201944203182 248.2724472402883 0.5235735810383995 274.5839516590148 1.8080233767983354 74.65621980661199 48.883550882733665 59235.76574576271 3883.813559322034 193869722.44067797 -2352890316.6280932 -12660.551099999997 -0.471422033898305 16867031.7420339 
7548.61211867871 161.44449226824673 150.00610993872618 23.335964943028905 0.8014419042122255 220.36360719963142 1.9913841058790422 74.7932105117334 49.743887471499114 59360.761949152555 3892.3050847457625 192351247.01694915 -2352840570.2659955 -14019.6581 -0.510771186440678 19375651.026440673 
8789.116636347264 123.94619869858636 88.55369894876367 113.07308675530302 0.043809455702509825 225.15710000243436 1.910051569323336 75.60510263032629 49.36425228030236 44456.21801694915 3837.508474576271 192967081.6440678 -2346291114.555143 -13706.817744444443 -0.4936016949152543 25854276.03932203 
7730.834822369217 207.50478234690837 150.0374974564423 239.62867896703722 0.8004758442642843 180.9125064903538 1.9791713790369194 75.4652721193523 49.16236844262681 45894.58328813559 3834.8813559322034 193897141.7457627 -2348064409.8471584 -14005.038966666665 -0.4901203389830508 22261964.106101695 
7713.133736737617 135.11441688315423 150.23850230061248 113.27601296403873 0.7238914248228288 212.0778481975794 1.8972400906237552 75.39026016252295 49.36228805590295 44543.973762711874 3834.4576271186443 194804231.1016949 -2347503076.534687 -13587.442133333332 -0.4953271186440678 22327988.382542375 
6155.865719927444 65.22977351921679 217.10842060988483 90.81612147438616 1.5782865149681335 260.27137578070284 1.8984793291661506 76.38156753983866 12.261714682189549 65727.66144067796 3898.3898305084745 194607435.84745762 -2354883314.1142197 -11032.907955555556 -0.4781169491525424 15273150.372542372 
9854.526764679358 60.04040194909098 20.42019263152963 180.2093896027145 1.2151395680857393 249.96260772958922 1.3842367862312035 75.54678985457578 43.43279824013115 93585.28783050847 3945.5593220338983 190996619.20338982 -2358092829.141887 -12191.983555555555 -0.47063728813559325 18802012.884915255 
5615.610272995509 155.69175166225125 158.37885368270696 113.61152389436565 1.3523827681893628 293.4193348005971 1.6218598462490141 75.08607059602767 49.9237988564454 47817.384762711874 3838.762711864407 195171982.47457626 -2349091254.5073957 -12415.688099999998 -0.4758559322033898 19744905.20355932 
9378.466732505829 25.953788087552645 147.7185596518298 21.09022510510507 0.7346021917709201 179.23851184191653 1.8673777929057997 74.65621980661199 48.376585394513306 70600.97338983051 3930.0677966101694 191621973.44067797 -2356042010.0046153 -13503.715922222222 -0.5047796610169493 17791545.30661017 
7584.553508615458 130.42713654488102 105.55675903786226 5.394914757644216 0.4858376065302052 123.94769844294255 1.7410367987886923 76.21477140215305 47.81597592810669 47846.117271186435 3845.2203389830506 192994228.08474576 -2348698237.1027794 -14174.738811111112 -0.49993050847457626 23158602.627288133 
7584.399703923036 132.61127585625982 100.14399497995514 46.263199892421994 0.21411753730245808 214.52873815168175 1.9796571744411005 74.64678859919546 49.305738813455605 56948.738389830505 3871.6101694915255 192608882.84745762 -2352380722.440643 -13604.56318888889 -0.5083949152542373 18722088.358474575 
7640.098590264594 227.3591836629772 182.47024605589655 239.5534788932543 0.6182490132325908 271.11881136124686 1.9629827446304025 76.26797510042023 31.06837911410043 47259.49715254236 3838.135593220339 193979577.81355932 -2348489083.7285094 -12322.648933333332 -0.48179661016949155 20528974.183220338 
7670.632084710462 217.68613510993953 234.5933158766316 239.63503401913405 1.3335876690041766 171.1841102516963 1.8939824001616758 75.33566193065813 44.011739868044714 49442.8205762712 3850.4576271186443 193989571.0 -2349706930.2925277 -13612.38151111111 -0.4962966101694915 20172508.688813556 
8471.045898577151 167.32654977930292 219.5189905845185 136.49142614854176 1.3555408165220966 235.7162986436664 1.1897148221722893 75.13406148810441 22.12454562440755 67512.77971186441 3899.084745762712 192822511.5084746 -2355530755.0095587 -9700.321488888887 -0.49093559322033903 15176001.892542372 
7904.932936514945 43.984331627775376 139.0155282536091 214.06966632099937 0.6423770509647032 268.85885520385074 1.8861268584982147 75.80163960072716 46.983101582817774 46171.00705084746 3837.728813559322 193992952.66101694 -2348110411.1997633 -13085.441544444444 -0.4802677966101695 21437093.133559324 
5528.939652339042 129.78858777732904 111.42335770003614 126.99990508448978 1.4406069511636996 286.05611603923955 1.6709221819060678 75.34568568747243 18.940912126064873 65971.76857627119 3890.423728813559 193934477.20338982 -2355108201.4675736 -10679.992144444443 -0.49001525423728814 15269100.348644068 
9173.30472985258 98.8894511447629 148.27826288983843 230.60784744940486 0.5276799404936935 273.89256478482685 1.9537006355223754 75.0074016380512 17.90586666046545 59143.169949152536 3874.728813559322 191901339.0 -2352905799.9279737 -11586.824077777777 -0.48060677966101695 17867233.412542373 
7802.003628034707 65.85964812335085 84.34090135432147 71.83444129112979 0.405064168845528 1.9318588050520347 0.7160558550888803 74.78063066197767 49.92801919039717 58789.32183050848 3900.8813559322034 192816492.8644068 -2351826245.341093 -15517.722644444442 -0.5231322033898305 23235491.184576273 
8289.979349190831 126.00601995106953 233.59916001875115 18.25188060017579 1.3061688414436525 296.8430061219053 1.8849454742085678 75.10968742307536 37.27111289195512 54423.925627118646 3855.3389830508477 193952802.45762712 -2351607881.85942 -12445.884699999999 -0.4846525423728814 17897525.427627116 
7637.026027118651 203.88052873403777 100.09145525413547 239.66253362386288 0.21411753730245808 241.49526775901558 1.9874744682073808 76.02154756687152 47.517864195983364 42838.19384745764 3824.6101694915255 193911709.8983051 -2346165672.7739615 -13510.454133333333 -0.5084152542372881 24138846.931355927 
9258.967624807448 105.31517453996709 165.6978684265935 221.79247324261883 1.3845349063828483 164.97711066803151 1.9180159305615423 75.80171243122551 49.93360690110277 52778.09061016949 3859.593220338983 193773149.16949153 -2350859581.841985 -14027.025266666666 -0.5001203389830509 20499938.35440678 
7670.632084710462 217.68613510993953 234.5933158766316 237.809963713987 1.3273907964875993 264.39344378770585 1.8939824001616758 75.27212450280702 47.161212859280994 49109.33642372881 3836.169491525424 193942313.22033897 -2349573817.7087073 -13277.090133333333 -0.4978186440677966 19770018.895423733 
7955.363064591263 24.430182587423644 148.69181007675476 213.06651672003716 0.7993889633341197 142.94824174023782 1.9489022816256112 74.79276489968169 48.21943724486498 57743.06166101695 3896.3050847457625 193853558.0338983 -2351768860.5853477 -14574.82901111111 -0.5115559322033899 20189286.50474576 
7884.820666248523 202.90068578111982 143.47559060401923 168.026139460718 0.6673321487062738 270.81448039457837 1.8842061591707995 74.62451054033535 49.447035329730305 69241.48654237289 3924.0169491525426 192526692.08474576 -2355725077.450465 -12521.20291111111 -0.47889322033898307 16151625.302542374 
7740.940666711756 163.94650018102587 106.16859104311891 13.412159024832173 1.5285298058080334 261.1698750440206 1.9660144076280492 76.14162072867926 48.161443754947946 62482.74998305084 3893.576271186441 191850016.8644068 -2353899653.9295096 -13545.51871111111 -0.5105016949152543 18868791.28661017 
7961.284180279189 38.64255918110574 105.23008096456212 28.787971084030204 0.21791981570847066 1.9867607705626682 1.1373810627584766 74.93275526256573 49.6584652456591 47819.41662711864 3862.3898305084745 192373023.22033897 -2346995599.1830373 -15509.26392222222 -0.5098355932203391 28204263.8120339 
7961.284180279189 38.64255918110574 105.23008096456212 227.39013441079067 0.21791981570847066 1.9867607705626682 1.4006789159962625 74.93275526256573 49.6584652456591 44500.523813559324 3846.6271186440677 194048056.30508474 -2345569804.540201 -15509.26392222222 -0.49981186440677966 28296661.988644067 
7661.434825649312 40.705675501540696 145.93565479850406 164.78685934408537 0.5512219498669951 270.8187394062358 1.5736486062791566 74.65662088661252 49.95048878848651 59078.80625423729 3874.762711864407 194963099.4915254 -2352792902.0486836 -11642.085233333333 -0.47391186440677957 16094020.051525423 
8168.705076282832 129.52356497513213 101.90573818383565 2.568471421808894 0.3656159511818473 148.64864376458542 1.9613192632173693 75.89347004126927 49.93662337523601 46188.21752542373 3834.0 192964018.77966103 -2347751697.057965 -14400.768966666665 -0.4981135593220339 24273238.214915257 
7895.294819701299 70.942677906158 105.23008096456212 113.1412014258294 0.35590164034966454 0.7226291746971195 0.713769503518367 74.89039322392418 49.871838113377805 45963.90589830509 3845.728813559322 194699985.81355932 -2346868571.636676 -15507.339322222222 -0.5026389830508474 26738125.12864407 
7810.625377377529 96.04172230373177 108.70375892121422 182.2667684652974 0.029874437576642654 15.669558581702773 1.7847556465502725 74.78063066197767 49.92801919039717 39391.44545762712 3855.237288135593 195618232.88135594 -2343628125.442357 -15042.072633333333 -0.536128813559322 30841930.371355932 
5888.800182862709 42.83232406230223 80.23181221843555 77.05231958387914 0.40808116088901925 250.62696949058727 1.6711612904779298 74.66590092718307 48.68679501761445 54393.8396440678 3857.35593220339 192568264.98305085 -2351460557.2934794 -12522.952466666666 -0.46852033898305084 18613592.304745764 
5971.42802670765 123.7468615667799 5.522610878961736 86.36416351810146 0.5457195263486101 225.18438102534185 1.2362636947479546 75.85035661546289 49.66047467117381 54327.94776271187 3866.9661016949153 191992365.81355932 -2351217228.787903 -12332.083200000001 -0.48316610169491525 19693521.87220339 
7640.098590264594 227.3591836629772 182.47024605589655 245.69858331133113 0.8267564053172167 271.11881136124686 1.9629827446304025 76.26797510042023 31.06837911410043 50941.98588135594 3841.186440677966 193811951.93220338 -2350230030.212173 -12538.795666666665 -0.4951694915254237 18719927.61932203 
6673.461493620851 84.18896042698833 100.63519242600097 106.16249175768961 0.7352591090850784 154.19497394247298 1.9887629225833654 75.25500363210566 49.93662337523601 41240.491 3825.4745762711864 195998320.08474576 -2345674329.3722243 -14156.208033333334 -0.49784745762711863 25361393.38288136 
5546.7933509100585 208.8734175099231 67.43574788055238 86.81545786951098 0.8344687921984129 220.38929322912813 1.4512015672985468 75.33973851740853 26.673982453933395 59351.9423220339 3875.0169491525426 192846454.47457626 -2353230863.086821 -11328.079777777777 -0.48716610169491525 17050684.497457627 
8416.14804299949 128.72604161471267 235.17706972121732 100.71475480234128 1.2253439414389982 296.94590994083785 1.8369801821738903 74.66459832670274 37.27111289195512 72048.69645762711 3929.0338983050847 193618941.72881356 -2356538857.288843 -11538.2259 -0.48419491525423736 15162238.792881355 
5988.025970561863 168.2425889392288 165.65912709014216 82.35872276880748 0.4771116276351718 56.64296378954482 1.972110251872007 74.86741569459554 49.80358352056851 37927.92510169492 3829.7457627118642 196984719.08474576 -2343282956.9540224 -14450.613066666667 -0.5448694915254237 30536902.33423729 
8669.650707008508 130.80200532702776 149.99750137023167 53.08749164440056 0.7882540426148212 149.2524012496661 1.9130293693800486 74.78746396340979 49.36787187249662 62659.334915254236 3900.593220338983 191593188.93220338 -2353477638.4028316 -14609.76481111111 -0.5158440677966102 20307694.97423729 
7110.51854135043 206.64263743876492 143.57552846550954 22.39925945351399 0.5806904662571148 230.14900406083999 1.5872995929521263 74.6610022700294 49.75783165816751 62368.14166101694 3885.271186440678 192637942.76271185 -2353999195.478677 -12535.889511111112 -0.47780338983050846 16927736.01084746 
7661.434825649312 40.705675501540696 145.93565479850406 81.0354807952036 0.424741719016978 270.8187394062358 1.5736486062791566 74.65662088661252 49.95048878848651 54113.14423728813 3853.5254237288136 195369804.42372882 -2351323429.3857584 -11577.602844444446 -0.46101016949152535 17036887.491694916 
6979.838368671715 187.07958671429185 138.18205486758168 113.37854093741537 1.2648290317691262 242.91207366355874 1.2573168747387695 74.98264977930364 22.015322312870552 64341.87223728813 3886.2542372881358 193938106.93220338 -2354483833.3632164 -9734.862388888889 -0.4883338983050848 15291313.332372881 
7675.240159075531 223.81355118095257 149.3722354032264 238.39484486691535 0.9733771488474163 56.23534179665117 1.7858034018740567 76.24827983236133 48.77902116953113 47145.288237288136 3839.728813559322 193887689.6779661 -2348528520.4403124 -14505.913344444443 -0.5177033898305085 23172263.15271187 
7916.956685447814 79.30014208641373 98.66687223023301 75.55594152366479 0.2991994599058372 0.7226291746971195 0.6716174432476092 74.91931516209601 49.871838113377805 47565.38277966101 3850.813559322034 193998066.77966103 -2347281735.882562 -15516.568777777778 -0.5059152542372882 26932370.189322036 
8358.950031189936 98.4371496779244 148.92337958240518 38.92484203421623 0.5292879885341958 258.2530444218174 1.9574649608400871 74.65621980661199 48.72471564388968 62624.96625423728 3898.2881355932204 191892425.22033897 -2354088879.696273 -13199.569633333333 -0.4865101694915255 17825218.448813558 
7535.6057118419785 70.6396379415078 72.97038124985764 111.7878828579036 0.5860485116961383 149.44668450147068 1.8003626022784371 74.79161239472387 48.01814935133732 62066.80501694914 3910.5423728813557 193646549.0 -2353393099.5593367 -14045.105266666667 -0.48305762711864403 18808484.842542373 
7919.366074131241 31.322627164509704 100.9576093937997 239.7166374115545 0.3678260671638712 0.7226291746971195 0.5121059418916949 74.78836358597253 49.80189086789263 50990.56320338983 3877.237288135593 194225100.30508474 -2348995713.160659 -15564.029777777776 -0.5310372881355933 24943948.293050848 
7799.687206339166 85.93810380807568 80.13284264263709 240.65518766913573 0.1727885626292242 1.717268390074068 1.6607348450135289 76.49565453607454 49.76626549714504 42327.175966101706 3829.508474576271 193910584.69491526 -2345848023.838775 -15044.138611111111 -0.5168644067796611 27006665.991016958 
8485.05409524062 42.32588360429868 116.60279318890164 170.24441907251193 0.6185953453144188 278.876672531917 1.9918611735085436 75.6733789607119 44.63979295119331 51145.79091525424 3850.5593220338983 192865389.30508474 -2350179345.246039 -13152.66457777778 -0.48785593220338985 20588187.522033896 
7813.879897149038 83.4528299359262 227.11273293443634 72.54676751506494 1.1374839388782925 81.41071078824686 1.9998095343116733 75.63880964558135 49.62289057591402 44404.91847457627 3833.35593220339 194859009.59322035 -2347416668.3676357 -14529.84671111111 -0.5051169491525423 23909723.424915254 
7892.1050878133765 204.1593156908373 148.78516700344073 204.02999074214875 0.7923743408062545 178.57429404947786 1.9479575019569175 74.79276489968169 49.6484644340639 60800.43389830509 3895.9661016949153 192310293.84745762 -2352710787.255463 -14518.057366666666 -0.5019237288135594 19922005.72338983 
6971.681487827118 232.64465853167806 101.83241858356539 14.74777762856322 0.5923790053955572 202.98532942145675 1.8365314227613925 75.58787483497318 47.23232772623126 49213.47530508475 3845.6949152542375 192957771.20338982 -2349426897.152804 -13605.006011111112 -0.4958627118644067 21518520.71508475 
7640.098590264594 247.49438284139484 182.47024605589655 246.11711399288268 0.8267564053172167 271.11881136124686 1.9629827446304025 76.26797510042023 12.211242586257518 59094.765728813574 3878.813559322034 193879172.27118644 -2353074042.67032 -11076.621233333331 -0.5073610169491526 16176379.048305085 
7703.366778644235 42.300365583030185 139.0315661920765 235.30990379360063 0.4980047877174813 0.5 0.5866749029575555 74.88786645000297 49.72315080998128 41237.53545762712 3826.0677966101694 194806488.6779661 -2345417128.5020733 -15027.746444444443 -0.5185559322033898 27209941.445932206 
9184.559690226932 79.80191319171382 83.06310180696863 102.05881719658167 0.3961418993852907 29.326209458656816 1.6332090417000487 75.57270670210261 49.25637801900828 50695.55405084746 3867.6949152542375 191938950.7457627 -2349325625.207027 -15015.013344444444 -0.5091542372881355 24944339.595932204 
9462.90844134131 120.82652008695291 149.042286850215 191.39447528169828 0.6824001101095316 58.787894205335 1.9591891214850143 74.75690893242239 49.361343012493485 59066.51925423729 3890.186440677966 191666948.0 -2352227506.0555096 -15014.273577777778 -0.5234 22278823.761525426 
7813.932669719891 83.4528299359262 80.22437167762696 75.9605337693264 1.1335768810534255 207.4903842193285 1.9998095343116733 75.20562114489861 49.60344888695846 60515.87179661018 3888.8813559322034 191997405.66101694 -2353300166.1620545 -14037.974566666664 -0.5178118644067796 19701241.749661017 
7659.489530471458 1.4015308295937494 145.93565479850406 224.22151831085216 0.5510710517016638 275.9456965711307 1.9912814528777156 74.62407115305577 46.65940558039824 57057.683542372884 3873.084745762712 194886309.8644068 -2352225343.864141 -12574.823199999999 -0.4709525423728813 16884280.446610168 
6789.065370880658 107.6120702451123 72.24479316522954 97.34424507726447 0.6797549491613146 146.23556111489594 1.9233374885337748 74.75751143584027 49.620647408609884 53316.32252542374 3875.0508474576272 192474377.01694915 -2350825386.918911 -14549.093477777777 -0.5139932203389831 21439580.97101695 
7799.687206339166 7.566109185006029 80.13284264263709 240.65518766913573 0.15513196963703538 116.10544706010387 1.6607348450135289 76.41622612693259 49.76626549714504 42793.2599322034 3835.4745762711864 193974801.47457626 -2346235461.8997316 -14117.433266666665 -0.5034627118644068 24974370.144067798 
8819.94664616429 83.79603464295835 88.55369894876367 112.29602596487464 0.043809455702509825 166.07933885646443 1.870111706657845 75.29475617876801 49.33474903879688 44387.62410169491 3836.8474576271187 192983744.2542373 -2346080833.2360764 -14067.961766666667 -0.48191864406779666 26520932.454745766 
7838.866687194004 99.75168857988115 169.2271447412362 248.2724472402883 0.5376381647908729 179.1091432347328 1.8061473801011572 74.65621980661199 48.415610431089796 53440.70498305085 3867.0169491525426 193694710.76271185 -2351068360.443703 -13560.697533333332 -0.48815084745762716 18883453.61372881 
7786.976147125775 161.76158360541984 142.20988725227272 197.62104129964217 0.8367682712522537 244.41442648483314 1.9676278175759745 76.32226044485353 47.7034027889247 47804.471610169494 3841.0338983050847 193851367.30508474 -2348970716.556185 -13565.719177777777 -0.4863474576271187 20781986.589491524 
8471.045898577151 195.05683042833584 219.58693247680895 139.78300766363066 1.3555408165220966 225.93409405520998 1.2687610105623235 75.13841304680844 20.64366402796783 67621.65789830509 3902.135593220339 192869395.7118644 -2355627014.2407207 -10132.23287777778 -0.4943033898305084 15253153.252542373 
8448.331684359062 101.1055630762732 212.9775733643105 138.46077616102232 1.204650309192552 255.2363999419532 1.1057986139101958 75.08236728144865 24.436718985241853 65943.14849152543 3900.5423728813557 192690683.98305085 -2354910768.5154724 -8912.3455 -0.49686440677966104 15286968.439491525 
7616.4559081037605 32.73478083165797 57.22175613662183 171.34037850688685 0.6118402739705225 213.57384128055392 1.9988226304410117 74.8191003025287 49.999118293395945 61028.77844067796 3902.508474576271 195447768.3220339 -2352711413.2303286 -14131.925599999997 -0.4625033898305085 18440434.461355932 
7616.4559081037605 78.69362646784072 70.91350982149012 151.53417980814405 0.6118402739705225 194.51769063270768 1.5441927498995625 74.8191003025287 49.87271583466667 60823.572423728816 3892.9491525423728 195314945.4915254 -2352885442.892771 -13521.395622222222 -0.4672491525423729 17962098.786440674 
6741.7129479849955 107.6120702451123 61.53733267232085 94.98823789050101 0.6783920162389365 132.9066046194126 1.9233374885337748 74.75895917211842 49.620647408609884 57069.58784745764 3885.7457627118642 191948597.7118644 -2351854959.1042113 -14537.931599999998 -0.5129389830508475 21231005.196779665 
9579.23739739022 14.157937077810288 103.11514082381288 193.53809008457188 0.48898657844939825 83.99178808906245 1.7442190969778852 75.41759147567652 49.99996882330382 47848.729457627116 3845.7966101694915 192837696.1016949 -2348528485.1065316 -14523.408077777778 -0.5058237288135593 24257380.643559318 
7701.9250941159 149.23512566584048 146.30969713939103 89.33225189925491 0.7919831836496743 270.0933133477703 1.9912814528777156 74.63907248334024 46.61847405824065 65910.4097457627 3915.7118644067796 194802886.18644068 -2354861278.1082096 -12613.496033333335 -0.4727949152542373 16015281.416440679 
7713.320445622558 20.52779915118935 107.22431592645515 155.69937179649295 0.591544032581644 249.8647527793837 1.8203465598138733 74.65718767817098 46.65940558039824 63872.026 3904.7457627118642 195369307.42372882 -2354125862.691471 -12552.292655555553 -0.4650508474576271 16186471.399830507 
8268.543310559167 5.693737515696182 233.9944585517096 245.9313379940417 1.357621422525574 256.3985250204281 1.4383704612940016 74.56608608020872 7.141328873454951 78979.26116949152 3947.169491525424 192977154.8644068 -2357819576.931005 -8502.74481111111 -0.48182881355932206 14322861.759661017 
9482.639994304189 128.2729859548491 101.45013214951291 102.59866326495819 0.8292275320179383 198.16602752795396 1.975914372671783 75.87099724867947 47.4029369660958 56022.58438983051 3872.830508474576 191959512.01694915 -2351809963.9571466 -14002.2144 -0.49957288135593214 20369689.238983054 
7714.9003103320165 14.698814722030079 106.765583561168 224.42001670065264 0.5478773155398122 249.8647527793837 1.9912814528777156 74.6566590494532 46.65940558039824 62259.014322033894 3896.813559322034 194881744.40677965 -2353547168.9321256 -13058.180644444445 -0.4915389830508474 16905675.311525423 
9407.867622444071 88.21064484960056 86.50587274079112 152.01560887477137 0.1660463623546573 208.16270261541072 1.9329207218054552 76.41970160436287 43.078447541531574 49292.00345762711 3859.135593220339 191956676.7118644 -2348758093.980964 -13630.253366666666 -0.49150677966101697 23140762.338813554 
7631.7460099454065 27.918331446547988 25.248084574856414 22.525334264383382 0.5324609139833582 237.8050793600979 1.8114254159568564 74.63155058145792 -16.303342992044833 124501.88988135594 3998.576271186441 191088093.2542373 -2362610396.55651 -9622.584044444442 -0.5037898305084746 17871357.903559323 
8268.543310559167 218.83409457952575 254.76685165800504 243.920251318235 1.3473690567206011 254.92590884902498 1.4383704612940016 74.61972520386794 2.6809071778973816 75838.62674576271 3937.6101694915255 193832387.69491526 -2357063378.204533 -8538.238855555555 -0.48378474576271185 14344254.737966105 
7866.316401382076 25.953788087552645 169.53177235530973 21.09022510510507 0.7512447623760576 179.259607005963 1.8662109735643657 74.6563158222297 48.404825524597484 62585.39493220339 3900.9661016949153 193214543.22033897 -2353972638.8185782 -13502.090755555555 -0.5014389830508474 17842554.178813558 
7802.003628034707 106.36518151824323 99.02955315783107 45.29631712677649 0.5349059922359998 1.7769740178951423 0.5128510183451817 74.79010651642082 49.92801919039717 62491.47281355932 3905.813559322034 191913516.9661017 -2352728863.7967124 -15521.899722222222 -0.5243033898305085 23189306.970677976 
7535.6057118419785 70.6396379415078 72.97038124985764 100.70517539295953 0.5860485116961383 12.621643393910873 1.8003626022784371 74.79161239472387 48.01814935133732 62538.34962711864 3904.7457627118642 193276675.54237288 -2353129218.1643353 -15000.518344444443 -0.5073440677966102 21400386.42474576 
6690.234759756637 208.94650613398906 139.81802029817686 19.400050058881803 0.6568329209783764 248.18113162454245 1.5484998026686743 74.56389907006154 6.004373556003998 70193.7917457627 3917.101694915254 191933553.08474576 -2356163965.3888965 -9233.994155555554 -0.49585762711864406 15285954.285254238 
7810.625377377529 39.11911400847224 108.70375892121422 182.2667684652974 0.029874437576642654 1.7020703139908306 1.092134980506295 74.84839201086396 49.92801919039717 37943.47213559322 3837.64406779661 195994046.69491526 -2343083014.561797 -14746.618033333332 -0.534 31247318.097118646 
7773.121102670281 104.8956958992328 149.96023239512482 210.93420887154858 0.641229076111482 43.719820574963364 1.9550470909229714 74.74623752840277 49.37042231521142 50876.807745762715 3867.237288135593 194476829.40677965 -2349617852.866725 -15011.441644444443 -0.5196474576271187 22622922.201355934 
7758.460629235739 127.48788730881361 86.53292604769511 14.479240978273324 0.2859961767209269 252.57933969983816 1.8843870565491698 75.76719765494114 49.0352842725066 47654.71089830507 3842.728813559322 192932573.84745762 -2348548104.4025826 -13551.753599999998 -0.4934084745762712 22478154.453050848 
7640.098590264594 247.49438284139484 218.54146947584616 246.11711399288268 0.8267564053172167 271.11881136124686 1.9629827446304025 76.26797510042023 12.211242586257518 56058.50040677967 3863.915254237288 193717916.22033897 -2351959038.372368 -11005.831366666665 -0.5067949152542373 16865048.47966102 
7631.7460099454065 78.38036564141055 22.109476981400007 21.100703580591535 0.6848859718732736 149.17076305192774 1.9959714077976385 74.5665564945653 -28.185365530239736 130165.14279661018 3999.3389830508477 191089781.69491526 -2362576469.572069 -10555.955566666666 -0.5123508474576272 18801841.173050847 
7921.082961768488 64.62219062136072 105.23008096456212 76.29804722333479 0.42501416599854797 1.9867607705626682 0.5264514668440566 74.93275526256573 49.6584652456591 48596.32208474576 3848.915254237288 193893203.57627118 -2347916223.22194 -15521.810666666666 -0.5030542372881356 25999861.08508474 
7744.60402435822 135.4614582233695 71.49616404848769 152.5084093586192 0.40476385994458297 7.479334796724757 1.37792671247085 75.42289108342261 49.63744118889191 46186.594728813565 3843.7796610169494 194574411.5084746 -2347976873.694633 -15039.536377777775 -0.5095169491525424 24624757.67322034 
7612.464487523773 218.12093505619714 209.28586981408992 107.82203688089656 0.8319716472419169 118.6087286359137 1.9008475197688735 75.33967660001441 46.68748734717479 42878.17957627119 3830.7966101694915 194963190.98305085 -2346551938.186535 -14066.033844444442 -0.5014966101694914 24242721.07847457 
9561.50049671498 141.0778637058573 118.39253434179625 120.01276273645466 1.8954095061999847 248.36964360869246 1.655731310215127 74.67878105728704 31.28616888748352 115342.66089830508 4013.271186440678 191125155.57627118 -2362537680.223769 -10527.491133333333 -0.5245338983050847 17400156.66 
7714.546015217218 173.56441167579771 151.94508517416688 241.3015003538331 0.39154766452288686 3.7533748862934537 1.5048593872434362 75.63179711887844 50.0 39559.06394915254 3830.593220338983 194845243.54237288 -2344168868.892414 -14780.695566666665 -0.5374169491525423 29422658.71711865 
7616.4559081037605 30.508657794561202 57.22175613662183 152.47816983240958 0.6118402739705225 194.51769063270768 1.6360725201983175 74.82760827825005 49.999118293395945 62024.989949152536 3898.677966101695 194972175.11864406 -2353235797.178855 -13719.543244444445 -0.46300508474576274 17955896.011016946 
7369.878948959177 75.6434559998562 178.89774207154787 88.60641347613688 0.6359589876096694 209.00726981189473 1.9931768053058072 75.64760301795884 48.71379460523804 41236.40042372881 3820.3389830508477 195996521.4915254 -2345561275.018062 -13635.056133333333 -0.5191593220338984 25073101.77237288 
7660.962677040775 162.94534369434288 150.00153075012233 244.0356277175813 0.6178560985511394 288.6347943175856 1.7891353229166844 74.65141998635977 49.97514622184314 60517.86611864407 3887.35593220339 194109841.62711865 -2353343310.004905 -12217.182622222223 -0.47126440677966097 16176057.0920339 
9368.404699966426 28.515680925489608 11.918404526485737 246.42442579568396 0.2990277650125166 172.91791898751814 1.800916403492986 75.5277305655494 48.91031629115792 85763.39479661017 3934.2542372881358 190997362.84745762 -2355991169.1862864 -14035.559633333334 -0.4796508474576271 21384662.236610167 
7916.956685447814 36.20590527294321 100.37746709529212 34.72124259198499 0.33559395087996086 0.7226291746971195 0.5121059418916949 74.78747155823822 49.80288482770278 55933.80305084745 3884.1186440677966 191896952.8644068 -2350588958.930756 -15540.299277777776 -0.5285830508474577 25174211.44847457 
9341.771269716282 91.43238835468176 161.43215244998976 21.09022510510507 0.7630864995953617 177.6212396247839 1.8846781406427076 74.59208917263601 -41.22201691826321 72360.21464406779 3919.2203389830506 191902215.84745762 -2356791229.2146897 -10613.43932222222 -0.4971779661016949 15219603.468644068 
7704.469238869001 54.1010064315286 149.16590881995612 161.1831511770629 0.5412636304241668 41.49414468753159 1.6168203129411256 75.22226296254021 49.724005238939306 41239.76952542373 3825.3898305084745 194716877.42372882 -2345506763.8538632 -14736.043033333333 -0.5221 26651509.22050848 
5918.572640158828 20.874297270072027 227.2875185231917 16.99500295976975 1.3043946750150466 203.9359060073826 1.8633439016675912 75.29716914059152 31.180114237367192 54435.338915254244 3860.728813559322 194852464.98305085 -2351569625.0001035 -12512.0507 -0.4854525423728814 17925808.523728814 
7717.068936260666 248.15520254153648 230.5750883753079 241.29608785530925 1.3861578847150788 171.44678480025573 1.5349618974223178 75.33416447565907 41.2214169723963 52584.995525423736 3853.915254237288 193986289.54237288 -2350860030.2578526 -13085.069077777776 -0.48396101694915256 18755221.670677967 
8116.608277688876 106.77247526048973 162.4414709530456 230.4348538118496 0.7184724171745699 196.2612431869519 1.7860700026587746 75.13406148810441 6.718067235484528 65889.5872881356 3899.101694915254 191897647.37288135 -2355111890.094857 -11177.686933333332 -0.49401186440677963 16121666.517118644 
6187.527023299487 25.953788087552645 147.7185596518298 21.09022510510507 0.7346021917709201 179.23851184191653 1.8673777929057997 74.65621980661199 48.376585394513306 64231.76305084746 3907.2881355932204 192356793.01694915 -2354495712.7239113 -13502.090755555555 -0.5040152542372881 17935456.986271184 
8421.860488229864 40.705675501540696 145.93565479850406 81.0354807952036 0.424741719016978 270.8187394062358 1.5736486062791566 74.65662088661252 49.95048878848651 60963.11155932203 3887.0677966101694 191998990.0338983 -2353650891.583641 -11736.311777777777 -0.4739305084745763 16876128.41118644 
7742.970945958593 141.21430893225602 106.663110989698 247.2343217807902 0.5237093869243251 266.66534896045425 1.8077092598929656 74.65621980661199 -41.52370346512732 69868.87877966101 3916.35593220339 194277771.57627118 -2355553254.864851 -9262.067944444445 -0.5019186440677966 14399150.520169491 
7802.003628034707 78.85865158840518 84.34090135432147 81.41855774401859 0.405064168845528 1.9318588050520347 0.7160558550888803 74.78063066197767 49.92801919039717 57731.500271186436 3893.9661016949153 193433550.15254238 -2351507478.835314 -15517.722644444442 -0.5194983050847458 23214787.273050845 
7805.91931589956 119.09108936749882 74.56949197750845 240.65518766913573 0.1727885626292242 4.18748135270489 1.585207953952534 76.39017695176973 46.935437557203024 44267.25011864407 3840.2881355932204 193790915.62711865 -2346819791.0659223 -15014.804722222221 -0.5121627118644068 25929378.290338986 
7790.035820049766 64.68079205075531 84.34090135432147 249.84455114459726 0.41287821454907947 1.868645584704538 1.6956108599248976 74.78377669377319 49.57775858877951 53776.71037288135 3886.35593220339 194616766.6101695 -2349934337.1161795 -15505.945844444446 -0.5067593220338983 23691872.88254238 
8485.49820312543 42.93348796295881 144.27209749828518 118.81071195492846 0.9470537438534851 179.88801562072786 1.8662836910203855 76.28389003744452 49.93662337523601 49484.212644067804 3842.8474576271187 193849877.62711865 -2349562579.133209 -14007.288333333334 -0.49631864406779663 21271019.961525425 
7701.834214557955 131.89620916518209 150.10609066453463 217.16736392772486 0.4065202495604048 215.30094327341715 1.9781887288699291 74.85608081547731 49.47706785070561 41184.95049152542 3820.9322033898306 194885595.9661017 -2345339956.951444 -13619.410966666666 -0.5145610169491525 25470227.74915255 
9162.391527715728 125.90416506303106 93.9058706712498 218.00996891577935 1.8640808479705169 277.4985901719104 1.8268456456508007 74.661058998394 49.92555043388561 122061.8006779661 4009.237288135593 191130442.42372882 -2362590423.725033 -11166.356988888887 -0.4943745762711864 18360342.63779661 
7784.874892358205 95.09713819132338 86.54657480567948 246.1914935281295 0.45032432918677207 102.1984284682558 1.9847923528190763 75.75457293340742 49.13255324033017 45970.38283050848 3841.4576271186443 193871379.79661018 -2348039056.0049686 -14523.085888888887 -0.5119813559322034 23510403.88440678 
9368.404699966426 28.515680925489608 11.918404526485737 246.42442579568396 0.2990277650125166 172.91791898751814 0.7663228775529012 75.5277305655494 48.91031629115792 90016.45081355932 3940.3898305084745 190957146.18644068 -2357477737.909508 -11436.144477777776 -0.45474237288135594 18642025.006610166 
8103.841382837897 71.30679955456368 83.06310180696863 109.75154007923678 0.39142880768229826 29.326209458656816 1.6632792890684862 75.35299853429967 49.27539275942263 49441.099627118645 3863.508474576271 192623401.37288135 -2348832638.5315228 -15015.013344444444 -0.5103711864406779 24972215.296779666 
7790.035820049766 64.68079205075531 84.34090135432147 249.84455114459726 0.40832922011807776 133.65913117137538 1.6941089704203718 74.7762262260639 49.3687240405401 55675.8819661017 3893.7457627118642 194464699.37288135 -2351067866.6746597 -14523.523744444443 -0.5062898305084745 20513406.399830516 
5595.677733846141 90.685599438952 161.43215244998976 21.09022510510507 0.7844935455276201 182.31174206535562 1.8849964107235375 74.59208917263601 -41.22201691826321 68222.63077966102 3897.5254237288136 192731427.18644068 -2355644268.808894 -10541.250077777777 -0.5026661016949152 15276532.13762712 
7903.219098157212 121.59208903824727 149.042286850215 66.47049625169265 0.6824001101095316 58.787894205335 1.9998709527493703 74.75610695112847 49.361343012493485 55678.57508474577 3880.135593220339 193779187.94915253 -2350999890.486416 -15014.273577777778 -0.5118322033898305 22227875.80898305 
7535.6057118419785 122.5806894531331 72.97038124985764 239.5634018396387 0.5860485116961383 12.621643393910873 1.8003626022784371 74.79161239472387 48.01814935133732 58673.87849152542 3904.0169491525426 195556084.33898306 -2351525327.4929423 -15000.518344444443 -0.498006779661017 21510295.407288134 
7921.681414919862 26.259884768226158 100.14211597000553 30.263911124845947 0.3756604128884463 1.5765706414119904 0.8501845638163127 74.9169649647297 49.291240866631675 52744.08208474576 3863.0338983050847 191705306.3220339 -2349273462.113195 -15521.810666666666 -0.5025694915254237 26016295.52847458 
8856.626885094967 225.73981430450362 147.27131450591594 249.9129756681173 0.5521347766545068 288.6028800117966 1.736260243761343 74.63762644010907 49.89992746902094 66760.3786779661 3909.2542372881358 191648490.62711865 -2355341944.1725316 -12099.677699999998 -0.48169491525423724 16151850.454576273 
7677.762253572169 222.4257610252069 146.27622546148808 249.90977748527885 0.9751085395747994 179.35466979854132 1.9907698327947934 75.48116439954502 41.02763207420419 51072.33457627119 3853.9491525423728 193799938.59322035 -2350328370.5127497 -13602.981766666664 -0.5018033898305085 19760669.43644068 
7667.46222718681 8.970542538913556 143.84470700714118 236.07213893264503 0.5427423413663459 270.8187394062358 1.992296911642744 74.65662088661252 49.92555043388561 56054.95069491526 3871.5593220338983 194599368.22033897 -2351839867.121749 -13093.397077777778 -0.4998949152542373 17788351.427118644 
7795.069962740523 85.30593883809539 78.59194755615252 227.71906228708636 0.15328749335615754 80.66421796362013 1.662252245256706 76.42237443332284 49.96194962853828 42850.17199999999 3834.3898305084745 193905846.69491526 -2346192010.3574777 -14617.541177777777 -0.5114745762711864 25606847.922203396 
7659.854960939853 40.705675501540696 146.39438716379132 209.90984327157722 0.42960585690940434 270.8187394062358 1.5736486062791566 74.6571495153303 49.95048878848651 54407.33801694915 3855.3389830508477 194462053.57627118 -2351431300.551166 -11495.202955555556 -0.4790101694915255 16895751.32542373 
8382.28916027721 102.02399441766522 95.13752211653524 239.32727626224917 0.4154408525361042 12.41181579195238 1.232956744898489 76.49317382841245 49.63703575903586 47825.0703220339 3849.237288135593 192633943.66101694 -2348288738.3995223 -15009.3605 -0.5123220338983051 25603869.10254237 
8485.05409524062 42.32588360429868 116.60279318890164 108.54989688576894 0.561048686169332 150.89382561794338 1.9918611735085436 75.6733789607119 44.63979295119331 49027.66489830509 3845.423728813559 192994617.6101695 -2349291784.531145 -14022.844633333332 -0.4967338983050847 22196358.220000003 
7921.082961768488 38.64255918110574 105.23008096456212 76.29804722333479 0.42501416599854797 1.9867607705626682 1.1361009096300139 74.93275526256573 49.323453474632345 47776.903 3851.8813559322034 194030669.45762712 -2347836976.9636927 -15521.810666666666 -0.5127305084745762 25958616.936271187 
5623.84264795202 180.13230653910713 158.3365271853477 107.40745047988287 1.1136332033516851 249.19073463596655 1.8081718399568119 75.04518155578293 26.69990599937721 52683.926271186436 3849.898305084746 194990741.05084747 -2350927457.874684 -12043.639066666665 -0.47821016949152545 17877375.357457627 
7802.003628034707 106.36518151824323 99.02955315783107 249.1042796753124 0.5349059922359998 1.851970023907807 0.752730137960224 74.79010651642082 49.92801919039717 55285.745542372875 3899.3050847457625 194377452.1016949 -2350572180.2808456 -15510.122922222221 -0.5230050847457627 23154114.2920339 
7792.450817313639 122.10832680545342 78.7968238597486 240.00572380377218 0.0 16.79841827222173 1.471236785339098 76.43011848279178 47.5122024667327 41118.628389830505 3833.406779661017 193753400.79661018 -2344871355.7436547 -14843.029644444443 -0.5177796610169492 28300879.468474574 
8421.860488229864 40.705675501540696 145.93565479850406 76.68330936586031 0.4184769477769831 275.88413567681664 1.9890934187419427 74.65662088661252 49.78977602857272 57725.46554237289 3879.813559322034 191917197.06779662 -2352592795.1551933 -13330.001355555556 -0.4920101694915254 18592075.153389834 
7961.284180279189 38.64255918110574 105.31413154578593 227.39013441079067 0.22125758142466503 1.9867607705626682 1.4077211517405177 74.92266001087609 49.6584652456591 44637.737237288144 3843.898305084746 193989024.0338983 -2345630757.441822 -15509.26392222222 -0.500722033898305 28248913.268644076 
7395.192332329833 31.749933266954017 59.20266585953614 45.40912479714912 0.5369898028930729 242.25779355760366 1.4786916089233306 75.43844885233248 49.63623834272661 52775.26313559322 3848.169491525424 192727570.01694915 -2350903757.1647596 -12619.122455555555 -0.490993220338983 19502681.79084745 
7661.434825649312 218.50482135044987 145.93565479850406 164.78685934408537 0.7258119957348825 270.8187394062358 1.5736486062791566 74.65662088661252 49.95048878848651 65538.8099661017 3907.1186440677966 194548813.3898305 -2354746846.0839505 -11596.086299999999 -0.47254406779661023 15264878.233050847 
7838.18481774493 81.40322335097082 145.2303843711175 11.051809112103506 0.6122037867062784 268.93722165281855 1.8922898512165045 74.65662088661252 49.99705906162715 65980.33135593221 3910.4745762711864 192019099.9661017 -2355137080.2719293 -13006.814855555554 -0.4809220338983051 17037098.824406777 
8062.619616779206 38.64255918110574 105.23008096456212 28.787971084030204 0.21791981570847066 1.9867607705626682 1.556555923902559 74.93275526256573 49.615106789856505 49357.08908474575 3863.169491525424 191958874.8983051 -2347332537.42042 -15509.26392222222 -0.5085491525423729 28276383.59372881 
7749.30930341345 9.832818587271689 402.87037049584296 110.1725253067381 1.9868082701144578 224.79647881527876 1.7441601366245651 74.65240675323719 -28.22625156916358 75807.87979661018 3936.5593220338983 194728980.79661018 -2356734997.663074 -9526.326177777777 -0.4763084745762711 14300492.518644068 
7714.943259120422 163.47853347333393 59.420628947983005 241.3015003538331 0.38366919418113543 1.0687302991770338 1.0996463772839975 75.54480964094837 50.0 47736.11044067798 3844.406779661017 194096521.40677965 -2348541786.124172 -15100.120733333331 -0.5130406779661016 24251383.29237288 
7631.7460099454065 60.609321007646926 22.109476981400007 22.708841836263332 0.5323551022990984 231.1112267586253 1.9913841058790422 74.5665564945653 -22.728211526680518 126856.56720338983 3998.135593220339 191080706.3898305 -2362602342.368377 -10045.225066666666 -0.5128440677966102 18194142.760677963 
8121.211200864336 120.18170239640905 4.383932668561187 20.657177204419202 0.24872283225856862 243.64375197317952 1.950711696061023 75.57089041617643 45.128596996895325 93078.43189830506 3944.186440677966 190992166.76271185 -2357306546.7413497 -13525.315277777776 -0.4788661016949152 20558654.58661017 
7703.366778644235 170.61620224882319 136.867246726956 239.43226082572775 0.5887207429434893 0.5 0.7419876030744025 74.90391272569195 50.0 42839.44147457626 3819.3389830508477 194268473.1016949 -2346346154.1277146 -15007.498244444441 -0.5071508474576272 26192735.83322034 
6131.316849488223 25.969222146260577 5.522610878961736 81.53704153262277 0.3727166151199268 203.52867634641674 1.9927869671796696 75.35993085154162 48.65251957878455 50666.64359322034 3862.406779661017 191972349.11864406 -2349561954.9437604 -14026.814911111109 -0.4899627118644068 22460701.69677966 
7656.917273052037 86.07367065708064 85.27730101458297 248.99131408869087 0.29181943216996 5.83941278509782 0.6719254051968282 74.70594934986408 48.96451643201036 54397.37598305085 3881.5593220338983 194742487.40677965 -2350531820.4052615 -15056.051688888889 -0.523886440677966 22171015.276610166 
8468.743426236302 98.8894511447629 148.27826288983843 229.98832448324066 0.5290557775243533 275.3410460053125 1.960221677551679 74.64899251171131 44.63743512168232 64019.918966101686 3899.6610169491523 191883710.52542374 -2354560473.21507 -12726.053477777776 -0.46808644067796606 16982408.42627119 
