-85.33659914744719 -14.864111068597708 -2.7900473166527706 3.199457380541288 42.77331907521847 -57.20938993974127 251.0206716915181
8.71042870068736 -6.346520539584385 -1.890941363634988 1.6153812924102962 -5.3558437884033365 -35.208450179362686 46.28527442081675
84.77710728133222 -4.466944210709414 -1.940792350324332 1.5529706531711818 -20.32082620997763 -32.36002317469689 61.34110005829571
97.91262882432108 -4.540383551100873 -2.005792973399495 -0.5212125261995293 -40.079860292196216 -7.928925995493677 59.06246713201116
13.973594637592752 -6.276991325177349 -1.9159011721904504 1.6084097349337363 -5.660037084960883 -34.303677136338244 44.440557418845984
5.816200154440959 -5.482568110890209 -2.9857204103188635 3.027351838513765 -7.389970364729302 -52.858947515556856 148.29725209686126
-85.00085816058122 -15.512462244942904 -2.6700750054621203 3.421282299490456 45.72521527414647 -52.672407796700135 307.776500211162
913.232699257876 -6.377094783187289 -1.875608954531622 -0.1789936367255164 -45.03724917660481 -7.704806046539725 93.26137190687211
-8.655541114715234 -6.463165141358014 -2.0545856333044905 -0.0078141005973798 -2.2285954589413524 -5.713213070546344 -11.222098601773409
416.2727013757196 -4.698610940804596 -3.024921154015685 2.790477213150916 -60.00633070644852 -34.10371720874748 122.4855761563142
-18.515456768597108 -7.030212669840483 -2.007602795456607 -0.035801508647296 -15.781841450112658 -15.020056907478343 51.21851203067186
61.12095138943008 -4.694665644301774 -1.9588875092910252 1.6323011084247327 -15.642035878727482 -37.501229621053234 63.885023522678864
13.025108336880978 -16.632753361523093 -3.127053478877676 0.7407528992512382 -46.269765212950254 -14.401754873213868 43.45559860281593
58.75504642185217 -4.741801965982262 -1.9854501620520888 1.6043183926458326 -15.149749608498745 -34.57937703744318 51.55534709910178
-55.08382235549704 -6.228366192320062 -1.7165178356213158 1.9867352322572336 14.359594703056851 -40.8417900515358 104.90462782653722
-30.083790355281742 -7.02660085890252 -1.439141668124961 -0.0558597556003601 -20.171963746290057 -8.429352668519048 58.94277916643619
-32.217733517573905 -7.330687229688533 -1.758745937467327 0.4249584168511419 6.576360949171814 -4.613245306636917 -12.08743444788592
-29.044167913174693 -6.096233676699739 -1.9390739499782923 1.169722280858449 8.774171663886223 -24.46323363754655 10.781566691761643
-60.32000189395362 -7.945030122178532 -1.5556232783390689 0.9478635674039724 4.753184700493104 -26.808604402998878 96.66156930173528
-37.4334513219636 -7.526271659916215 -1.5453153823099444 -0.0105350892766726 -5.652718221770081 -16.05206049914178 12.957721460906331
49.897120375460894 -5.020780686891364 -1.9868490045047933 -0.5885661177825885 -22.237723611489425 -7.874918751476813 -3.172759760728537
-21.35798315719981 -6.643423824960723 -1.6355094053717536 -0.2568733057508991 -20.594358949017792 -8.612613204396578 27.843056726901168
-7.29413605887482 -5.382492840287785 -1.622179323479198 -0.2502181465714793 -16.100306887242766 -3.0219532141993795 -2.8194967850014865
-10.36151896016961 -6.374119044912885 -1.9470752390757544 1.7109977805445094 2.3266994272883927 -35.608953337240685 41.89141011821239
-38.46688922640681 -6.279363592742308 -1.8501069408997304 1.1159777912659083 3.9653395543661833 -25.301458428580144 18.691496735675887
-42.253520030824575 -7.119995083518558 -1.3736571831319548 -0.0360177172827644 -12.892135846884544 -15.282204428998469 63.05763490603562
-23.52508269430005 -7.093822181265082 -1.7657599102175634 0.1880312851861449 2.2945806986460258 -5.970910556978961 -15.88626249098672
45.92565123690631 -5.115795883938732 -2.007244720747657 -0.4850717507665417 -27.954199422255588 -7.80756140219732 6.0041705937355125
-24.816294572742592 -17.028158282278067 -3.305059724134141 0.81292330516916 -33.67253062229041 -18.561964569478228 16.324884810965962
-35.407236471011025 -6.899869736828748 -1.3854084378578062 -0.1403033949308343 -20.37077480196435 -16.826771153016924 76.43184977998038
-6.623194000711608 -6.131197814903591 -2.0086216624520987 -0.043574318136259 -13.567676275813431 -6.490351016287417 -0.0219652661736169
84.89745728350186 -4.57987610794532 -1.997451873515251 1.542232883208997 -15.008753135082213 -32.38186880149026 44.05563146678389
-45.35100293679857 -16.259394488294525 -3.150498838727544 3.193277043370412 32.400817503834 -25.00955410677771 48.44104685743032
-60.12197392365602 -16.054923511226605 -3.041997008995105 2.99904871012709 -43.09383365271077 -32.026815560055496 177.66047769928582
1.154359007639853 -15.992987027745135 -3.0813010665451266 3.0668061417609884 -63.52243306129448 -34.7819013931409 135.68019238083815
-52.28962703942735 -16.1834922850755 -3.1382911559936217 3.151997703319008 20.45194432885951 -24.92831568213996 53.59030917560257
-21.48339003556642 -6.008251001604111 -1.301829458014481 -0.2690028383516364 -27.100432083922488 -11.474997137291409 48.52154357101664
-13.326302632442768 -6.360815070122308 -1.864679813863579 1.6752349615520798 -0.7563052192356431 -37.79594330844123 51.71672478636688
29.747137887972315 -5.351068303127754 -2.0549151056792745 -0.3146857732835731 3.811979844665893 -6.848174292189537 -23.767996499512066
-69.65591479402362 -17.900007939879345 -3.203289237628976 1.4188006921941685 19.747653141063896 -12.681038117614971 29.53845504207355
1692.8349425511983 -25.02149204365604 -3.1725227894507158 2.2268517874547435 -14.097015912568247 10.373958754273737 157.08451820374185
-49.15954089565583 -16.394618717816304 -3.1494719029646983 2.9749839022699427 -44.26640694976667 -25.95466121151407 98.01934354576672
31.331447836785788 -6.201863324753572 -1.895340499542048 1.6356796666832598 -11.2421360033271 -37.67741055565513 64.63162698078098
-3.826329125182748 -6.106335139366607 -2.0084171784662703 -0.2207432677430775 -20.19734930364416 -10.195005226659056 43.75640487007863
30.60642494493024 -5.351873643245695 -2.006797095283543 -0.4757080968592401 -10.370486559557229 -7.570698170947248 -15.757900985979468
-35.82298776018344 -17.2419044062934 -3.134344762609391 1.0460903578980194 -45.16617954852494 -19.38003216243539 57.19819743436836
151.21828412413106 -14.868879691017888 -3.0126554088725084 -0.0348504447215056 -3.066426419545794 -9.87547079432256 6.811753563685448
-70.11059700357191 -17.863258768931434 -3.202687218740626 1.4149479865121612 19.16485229567597 -12.406565909270942 32.06246355857736
0.487534463087344 -15.712073869261085 -3.0903851331046632 2.909792604820806 -62.43815152512073 -28.66294301394399 118.56756203791208
-40.947328939364496 -7.2479743207630065 -1.442312075023416 -0.0020147001581232 -9.577648048935918 -15.545363322129418 44.36401072961645
3.780964864004236 -5.754911623041234 -1.8422530697764217 -0.2971643801111133 -5.509247395972948 -11.757169816705442 -15.812927898379746
-40.12333531635485 -7.55031532650037 -1.4595983185022243 -0.0425483655296192 -14.04411915198214 -9.725324250602094 47.64364604828213
-71.18614744551857 -15.949988486481825 -3.1132742073051225 2.6557633803021274 36.596810821989465 -24.12696381441689 95.75335829481855
-82.75862361206737 -16.457581756687578 -2.8537592686203754 2.0749357632706067 14.95935842492685 -35.51939919046969 245.3462791607189
-40.47884728058778 -6.375293153942408 -1.9222263560101864 0.8687881494440222 -0.0615789544307237 -25.122243379145832 36.165981034665165
-21.92611661407879 -6.23334084072841 -1.860972781315109 1.7115777502591456 2.6461248128664105 -38.666936539664825 59.40860451233316
-16.46291890053755 -7.099397485273813 -2.0246637077422966 -0.003310744230447 -11.569826922345332 -15.990973653849268 38.17461732727084
24.25069324260405 -5.831613234406102 -2.006063514951959 -0.3838851874714385 -24.445932243994857 -9.082698729097832 4.651670693561401
15.248420918273906 -6.03233412544073 -1.966522733674232 1.095131193215945 5.881721681962395 -32.30844322254596 28.409948079069085
-36.69521310377729 -8.649100803414909 -1.7692361338076303 0.228566433486953 4.46378803334829 -11.89431180713036 -3.312559979106568
-36.358893186070496 -16.803242713887556 -3.318962716345492 0.9578979977011258 -12.104782716531451 -12.768628517841703 6.000717827204007
-23.759536972114603 -6.169144134801674 -1.4095085680710095 -0.198156171799075 -20.58716143985409 -16.625508202467117 43.7275462543001
680.5643821691025 -20.02026765502338 -3.0648296330314886 2.4559468214229856 -15.416828385943182 2.1107071420456576 103.2668025781805
-35.47876470096251 -16.28610357815183 -3.122104139767709 3.2041906572099967 16.7852182672387 -26.4778634113416 42.91220512687184
8.364053989416346 -5.93569120240523 -1.812501241884892 -0.270334742021272 -21.30253820564229 -2.2237787389535844 6.660299084683362
28.15718035783299 -5.353484642447714 -1.979326968337696 -0.4493914157789339 -11.418649589775924 -7.636235051327279 -15.216664731569049
-20.976101173806843 -7.013400794845488 -1.7890429451775318 -0.1489530788009742 -16.76352942892645 -11.196060847031934 11.430698836071098
-56.01073173707232 -16.725618132519294 -3.0320097534525203 1.5078153260869016 10.375356196605605 -15.858028855609204 27.525462297299768
-17.8175177482259 -6.218197680756123 -1.962356674176749 1.3683933310920164 13.548244642343828 -30.87876831351472 37.43140344856055
470.57997199115806 -20.018042030092605 -3.158797576737124 2.9137290063446484 -35.018138613059946 -11.047911762242784 144.23654354111954
12.82093937071662 -4.672632208475402 -1.5518525951636617 -0.2996527408779332 -22.337692120430663 0.7365059658669886 -2.15069599556754
-39.03195400946071 -6.326194414628188 -1.9297711074967188 1.3184268137365094 17.540921724702233 -30.418391956277187 49.89550510276126
-26.939723997889946 -5.981553148763827 -1.9627772456479813 0.7729504499961359 -5.702851837834038 -24.176206374400653 34.12067032472311
46.00461662361853 -5.196886946682183 -2.0050390544508097 -0.4914494422280808 -5.752413729499272 -5.744161041836915 -22.52804351304592
6.648950715642727 -6.16005758513981 -1.9189218520650575 1.6734856651339207 -6.183310570901497 -37.582543898561816 58.742783502973694
31.875647280459745 -5.711646400479727 -3.002375922954768 2.919454129639335 -18.411550033807977 -49.46890514100905 118.273414133298
-16.46256420046672 -16.661553967493536 -3.311817583366299 1.0003564059009584 -9.257802191804608 -11.521969729882056 -8.137346206721098
28.396995394261623 -6.12268646964488 -1.907173551060672 1.582651850136795 -10.727369779341789 -36.69880738504207 56.54350860992415
-50.2789671886766 -6.335814594471265 -1.7981776621748229 1.919210365497031 12.14302479622098 -40.42207083305249 76.92504081936123
-39.08250118506027 -15.849250947903002 -3.026923434353756 2.858232292959844 -53.12095456158622 -42.527968466625765 156.35240802535446
-30.46309326204924 -17.120793540853903 -3.3144913690225586 0.9935679621349388 -29.45009934781132 -17.2721792104146 18.19487466937868
838.1153709094023 -4.209263782746523 -2.0548235567586413 -0.2162951288974809 -53.89766327097097 -16.266592645225316 117.2326645940514
8.602611361620248 -6.110772891250936 -1.94798542765936 -0.2300484914266001 4.309716706535191 -15.093077937778292 -19.57529406629645
-38.59858702357332 -8.365732878009032 -1.768008081681237 0.479834871022217 8.840782798685943 -16.195472993553654 -0.6967319533226402
-18.111081403694516 -7.486064126248466 -1.8338323760471864 0.3077381220554119 20.69007487327437 -8.850487807257426 -16.764667799194047
-81.09464304553458 -15.170744921770511 -3.084264147374023 3.1793314953436957 35.33176721688528 -49.65187624689715 150.11219718036915
-25.840441649047023 -16.935013278084305 -3.312876241374651 0.8598832713570446 -32.86464123267462 -18.929041895619203 27.30228499914054
75.4433286696484 -3.3228821616010684 -2.028756180911319 -0.4463726553337175 -21.437976156706515 -4.147407542701017 -8.56626484129947
-76.38940448382392 -15.277515414214262 -3.0001529407978134 2.3013808030594776 23.312089993369582 -26.06832814310602 102.99577209886648
20.722135947672303 -6.210078293240937 -1.9307218128777144 1.636257950378635 -7.204779996098379 -37.56474375821167 52.24094284699355
15.16825869273118 -5.415229384657022 -1.86730211906876 -0.4118522281795636 -26.038305322872525 -16.026776208871706 19.254423166528277
-35.78002020464254 -16.52060259984808 -3.075301203252714 3.102212685007619 -46.09078705373955 -40.00088512573355 133.06262482524787
-54.64738460377509 -16.85802080886381 -3.114679994411901 1.4889464148397136 10.691371711473751 -16.029532196511123 18.68703682361516
100.5531870828948 -6.019684659206409 -2.07644450227753 -0.3279410252066509 -29.28672113167084 -15.277147570944466 28.1067013491512
19.357317661154852 -6.015084788755971 -1.9082572455395583 1.6883197346800138 -10.422592205771648 -38.28484034510345 74.1942583318297
-41.6228846936674 -7.856300830547505 -1.664559760614165 0.3578961523699612 -2.1864077925731986 -4.815115080153208 1.151199920557353
22.11623427435443 -5.255320893301963 -1.9370301840831972 -0.408000476735189 -4.538937091858028 -3.855121147178928 -23.20768727876882
17.714787896416592 -5.237617162671291 -1.8985274257261568 -0.4576487420524036 -26.781440815620662 -7.596184735539486 12.53151353770361
-50.96943924209129 -15.797341086470482 -2.9976051404751107 2.801145561401688 -32.08438073611568 -45.86977625542827 136.46883846104035
8.971557430958992 -5.163165791208091 -1.8205124092747955 -0.4541042109290954 -26.707041291824616 -12.576583095778108 19.38147612350678
-49.694938922644575 -17.33540771953401 -3.2709193136680645 0.9965797093483808 -20.69907048314175 -16.485871495402222 29.665661069038308
15.827099682947262 -4.905380760407547 -1.563435150377522 -0.2173808330689827 -26.18994775518124 -1.9110626368932704 5.63447971083442
77.44581712270752 -5.37315165120292 -2.080008862712267 -0.4516044574395402 -32.03855270604264 -7.796840863122812 22.477825081192343
-53.92715563966839 -6.573648689490674 -1.7140539479561323 1.18999835894525 7.201289529215889 -32.94318004548597 79.92358190370533
-18.261466025916302 -6.836228658296942 -1.8022704856949063 -0.1719483050521253 -10.14291590550276 -9.62216434630018 -6.687488057402549
-41.82533051494585 -15.888511814379248 -3.02600652985704 2.865055995002467 -50.90477508710055 -43.59677193809449 157.59914775587947
-58.018751959160085 -8.22652204181978 -1.685151839933127 1.0132859730857469 11.429026677483744 -22.552954939061724 61.400421269602845
-57.46462818562841 -15.956107834068067 -3.1354912009373805 2.8407653492121647 -39.28698161731164 -25.417752116994585 123.52472049028822
72.16022965568413 -4.67407656445988 -1.9670185118579824 -0.5622531454882619 -30.150443781178737 -4.950638876000824 -0.9065717645684574
-46.67847187215276 -7.975716560434705 -1.5852058817082575 0.4051801850212917 -0.569803597745796 -7.529434209226476 14.42571003495261
-72.39702217372559 -16.096286544353756 -3.06478992943808 2.6557424778622845 1.070111529775137 -24.269381793411476 136.742277052159
-22.592218250259005 -6.779087508646714 -1.7776815460444826 -0.0451542938378781 -18.86524658306583 -15.36715964430594 29.838114500724863
-13.17607299993356 -6.728489177194402 -1.755824247148287 -0.1057677453598255 1.251137777755062 -9.4459834116983 -16.74122957282314
-70.68784340780373 -16.654498216441485 -3.072265941694422 3.2503003239716106 -0.3905848062838127 -50.77082689406821 155.65619193224322
-47.72245666544613 -16.11414002526838 -3.119327625504227 2.9726301298766926 -34.08296213505827 -33.44130022936559 101.31395198370022
-9.215103925752294 -5.442692596788582 -1.5890660291653032 -0.1735175250271939 -36.428210410390015 -3.663769638414998 65.48604671619205
9.282196747242155 -5.650670182674877 -2.0250618786051544 0.7934503384124061 -3.3013229749618915 -24.253272891143848 6.808988812379245
-45.35304777648094 -7.98859224374753 -1.6172497554464584 0.5904665378263314 2.3640084078108434 -18.079051481513265 19.82062407074405
599.7629001727287 -20.717277320049917 -3.124352308834136 2.653821906873149 -32.6795048727769 -5.403011350685104 114.217952667999
-1.1161782007237429 -6.050029714096117 -2.018577608994512 -0.191668888281112 -4.757439244256171 -9.324821092724076 -13.077380354793116
-31.920283302093523 -7.390949350847111 -1.6892877427439126 0.066892069000477 -4.095032477357024 -15.359068671419513 -2.18388951729024
563.3256246062278 -4.524597891341537 -2.035777029573865 -0.105863361819892 -47.252522717685295 -19.686930068368 113.52880800713172
-5.098944239257239 -5.896250763621853 -2.004896008267874 -0.2580359413289735 -18.90114245126806 -18.320162473528733 26.86224510765073
2.704012829779725 -6.245750625431199 -2.0448473580273734 -0.2631718449915326 -12.500502928637482 -11.09694642917321 -8.219005522434866
48.12892990096952 -4.3627496767821725 -1.9179136701995665 1.5941969349649765 -16.933360054542494 -37.921960211147294 71.5064916353804
-74.1547580432298 -16.245208596910658 -3.0522484591404084 3.08053506765832 6.878134947870251 -52.82251500930241 154.90317116805295
-71.0291037001799 -15.56511306917127 -2.983411478565064 2.3163281060859138 36.601656011063575 -23.292180496225605 89.82630344368243
-49.52266204099441 -16.214795190195634 -3.108813229976667 3.129190393762932 -40.80470904935923 -35.54346983480677 141.9502117461094
54.37093433835216 -3.681543020549407 -1.8227861743358107 -0.3639201063635507 -36.31528832952088 -5.652733048220299 19.768605322893155
-22.163658462209693 -5.99491883017173 -1.9734158556137276 1.1238710777412415 14.813267718135384 -22.78860452437885 3.244161992712944
820.3485228428525 -6.164552548227678 -2.055889476510619 -0.0008751943464032 -40.01882095794728 -10.66751804322623 135.8986750007248
-11.701655649476685 -6.92250847753333 -2.07070006586398 -0.0249970449504755 -5.361556533765934 -9.94499416446853 -2.732193133745044
-85.52300479809578 -15.429205310394934 -2.748826515476192 3.5485349887031576 47.70156685516494 -51.867712783930266 302.553595109244
4.593612996177133 -5.971151428467814 -2.019188918157734 -0.2679382939446978 -20.36440801462827 -17.91723202378478 27.91381322414093
26.48858103490125 -5.2568254789444655 -2.024403383470655 -0.4434401298748603 -16.073943459500757 -9.449017526530705 -8.188868259319756
-37.51038285646258 -7.483262245834726 -1.586425260842652 -0.0169743985711975 -11.834823448603998 -10.039860821561858 27.111409730293005
-26.27909004957586 -16.73113193765349 -3.2840583798178264 0.723270405217896 -31.38262785782997 -14.903226630237054 12.97442009897544
667.3469330914246 -20.667160963902123 -3.0876685422700985 2.4535918706280184 -44.05178659146788 -8.192197263248081 151.82789186732575
-72.2677930384091 -15.6615790841632 -3.0657714619525134 2.303241099206484 41.30152284664434 -23.89461523366281 83.45446058818709
-15.128701666801652 -6.1822372363365 -1.8802036020383863 1.6978871808780778 -0.1016002428088127 -36.79852862586723 63.87507151568192
-45.18603936814887 -17.19501841143803 -3.235850055585638 1.1969054257516183 -31.55905631269756 -15.652425435229716 50.86181922931948
-57.028779507990414 -16.767482988278953 -3.126367841202024 2.764126597950619 -16.169104585481126 -24.103896113593837 74.79921797355662
-40.845700664251005 -17.295172224197213 -3.3208340044850804 1.2405677467602296 -17.745321254672515 -13.591042199359707 14.723003231032653
-38.061816750013534 -16.92677133004986 -3.2871253553012902 0.9367116835886762 -26.992016221077584 -13.566637240517911 13.849725671972555
-41.5603181720118 -16.65606337502466 -3.073355451507752 3.02425782225846 -42.41307557792775 -42.82350248876472 131.42109553409753
-41.58653383284666 -7.77336913240234 -1.7146168641854096 0.3683818105372237 2.1305507955273346 -4.24530831462676 -0.2008464455398604
-5.047393239848571 -17.127182218219364 -3.1663830044743744 1.065749571032267 -50.6925982580323 -14.480653096318855 48.24709579698569
-46.30544783500663 -7.973085049786857 -1.5853226447846642 0.3608315710768116 -5.623404893489681 -5.841454990796162 20.572837771207976
68.3419137301932 -3.839833995367174 -1.7992193818898496 -0.4575741156060634 -21.9871652395637 -4.546494780323921 -9.235541388563522
-4.028975860156226 -6.038761090907052 -1.8867277040837769 -0.3423360702266171 -19.580508343692333 -16.591121567699805 8.667914424564076
-7.018575913912263 -17.204862708400483 -3.141282460445055 1.0410623647572883 -52.22816522893743 -15.446487700345513 57.99985454127948
-30.75994820916373 -7.259607893025216 -1.7025156923470373 -0.0536395021656849 -13.086087154471596 -16.177470578881373 17.655694421848423
-50.45519209903022 -17.18667818248846 -3.251926516179892 1.1804638161958727 -24.49924620627145 -18.06283301398782 56.61814853988729
-85.94116147923734 -15.166773688238637 -2.5662426316299243 2.9013485935301624 27.888849921873287 -42.69980612203236 359.5987874858677
-1.5233599598178873 -5.893740760289416 -1.9252326714327848 1.733245183477058 -5.054500551940926 -37.804034281327645 61.521140629532695
-28.19922076532796 -6.852724700590696 -1.7467649853327265 -0.099024692679042 -11.250862174161252 -7.945310215588708 4.771306736579493
-10.754695218352484 -6.705780961404588 -2.0307840955839143 -0.1673289590886994 -15.688944053494858 -11.723996827871126 12.409850512361889
-55.92831171552129 -15.715061775606031 -3.0683182838422547 2.8780267544875 34.1816259297937 -25.057026766442537 62.776933603997456
-66.41136515956227 -15.983648536756192 -3.052511924026714 3.0015042774630034 -28.80091582582706 -33.79166183027245 183.07990639707324
-30.27856418104728 -7.337181570735294 -1.7114912638305648 -0.1120303253486019 -15.523268161673244 -11.399953363769807 24.80056392849285
-34.27391931938115 -6.333422677310303 -1.955342722597906 0.8481175780918345 -4.016451735928095 -23.9094065434708 25.259704062996605
-20.93240940758236 -6.792533124443318 -1.6495353855710195 -0.0959232532193947 -5.794953667198807 -10.212198544042678 -8.596318756145703
3.552741747083936 -6.327927069461258 -2.0473999179679194 0.2521433880105305 24.95071735646753 -6.782839686131653 -23.04307457244266
283.2120058524712 -4.085799970833612 -2.161338770605033 1.9167841311179192 -56.75076979935617 -36.233900082988114 110.15426755819442
-5.663479687103291 -6.679851594471053 -2.0062292375061683 0.0801534936617363 7.998893389365756 -8.704041198013167 -16.70240789011337
-8.11409188756059 -17.435692612161777 -3.275427616099241 0.6619867409920474 -31.43274997495509 -18.43057896913813 13.49632754581756
11.39833923668498 -16.907637602558427 -3.2556580549177987 0.791317750699784 -42.1929569917809 -16.142530499093684 28.37175826109073
16.703005382712366 -5.357265927989281 -2.038437637770277 -0.3195090193352497 -5.68188015682018 -13.489042563044636 -16.12237144974141
-41.11950755371998 -16.56462103285686 -3.141555931359304 3.11420375885811 -38.6541388602912 -35.07509521374715 98.61951894338851
-26.147218497720804 -15.970266726743526 -3.178847092180059 3.0411861396322637 -47.27970182241568 -32.33505353337243 73.11058412580077
176.9902155261982 -2.840530182348428 -2.0866309852971674 -0.5147865324501861 -31.59164554983932 -8.78515320119957 12.933219351147216
-25.15998983995928 -15.822379393142285 -3.152630681647356 2.9571597963221423 -58.795872813129535 -29.70767584107561 104.6055715065926
-79.52160877756326 -16.094383867227023 -3.023564474512174 3.046407503370271 29.360361632945622 -54.408837334019125 140.78682556014067
-81.72202634697074 -15.219701851015431 -3.0357348911326283 3.0943469107291626 31.5308391256024 -55.66886870216605 167.83980637889118
297.07015078637863 -4.916473873382629 -3.039860229364875 2.8177007554994478 -55.92349099690394 -36.54352891440579 107.3051126838417
-15.937501087527274 -6.629272536057343 -2.016881174099188 -0.0301923325441144 -14.728386187095955 -8.59521761269074 4.213996995230666
20.719391688119327 -5.616866501758878 -1.6337548722668285 -0.4466620324706769 -27.962914346528173 -4.310036097718159 1.9436231923240856
517.1538592720398 -4.401594669927067 -2.016573507579596 -0.1084076030638401 -46.17352234125729 -21.129752808339664 127.82432845646538
-57.411831293163495 -6.701054788092041 -1.6049257532688526 1.4123194401842565 9.434855892905356 -31.51026874730018 88.30648460155457
41.27626471405119 -4.676208924440515 -2.0327474919904174 -0.3938883870202515 -2.738185072037348 -5.496779545834471 -23.028954032861797
-59.17906745313857 -17.6055866241585 -3.2864149888300296 1.2037676961516297 11.854949008550143 -11.704505449438477 13.895387227215863
183.0046391794509 -5.248296284094354 -3.0063807982955937 2.806841122308743 -45.102874713540494 -43.05407842516842 113.0609498845984
-73.88360188989206 -17.958683640504876 -3.2086161797493795 1.5749384218483975 13.215893870645544 -15.081081946727949 95.5367280310919
-60.21174621755034 -16.079328140841145 -3.0253194739093665 2.8836637467948423 -21.61282648553848 -49.1270024745462 149.84363061710712
639.8899340667061 -21.033267418419715 -3.126330385660387 2.677268344761325 -22.45155413623111 -6.003774515598877 107.25382156524054
115.39184525125238 -4.57408254538657 -1.9429230143515468 1.6041606004202678 -26.180701848086223 -32.0703663453629 60.6085949504792
98.34496523303515 -4.149276527905964 -1.986012956225084 -0.4164273894599756 -35.33907760758228 -22.660564878451183 91.9694317365022
-52.20198633819802 -17.33826472198977 -3.273090279998788 1.0598379753840113 -12.572763746032486 -16.5330098405624 35.16836312597249
1.0622862457397362 -5.924111360192948 -2.0199433686460497 -0.3761696463033848 -18.3584119784802 -10.064942837509774 -0.2020518161564046
-26.991015111736345 -7.286753827827905 -1.7734041989120648 0.1577807453801481 -1.4428466718889414 -3.263671029181302 -9.429707586984462
81.17211438579217 -5.1892078326685045 -1.739974049220758 -0.567284137517367 -21.15647896556284 0.0479641732322501 -8.42229365976396
-68.26988575347961 -16.1062523768674 -3.115651970675799 3.1558063714925053 22.589395399137302 -39.81534057563498 98.49748476980504
25.977622863989964 -16.103581838958863 -1.8539170024738032 -0.1835939710944579 -43.27531876355699 -15.531403584534754 27.990748870033
-30.416701834117813 -6.153987492316084 -1.8670676293658492 1.7561993171838672 4.77740598477125 -38.61899752531277 63.08678974929724
99.6956328554352 -4.897910327056354 -2.0034877976230043 1.532595281069493 -12.159844796700522 -30.459453643675765 34.95896832604538
-26.335273170616688 -5.995296509408 -1.9423036517617316 1.0952661847117495 3.932192200691968 -31.560635053518176 49.68387304282374
-61.45768038885208 -16.681871512332425 -3.078311675475715 2.958985733968607 -16.93750124987433 -46.89445021227899 133.66387739654215
108.52977293095744 -2.729459594429525 -2.019169320547299 -0.5289614259666677 -35.60283233204868 -6.3778864931661055 11.769155217588477
217.1257151433006 -13.21789962902134 -2.512496168626485 3.1061278336385088 -73.38986947186402 -41.06935428269764 259.1269108759591
-20.218377342787488 -7.275518936166267 -2.026434264000548 -0.0043137640872802 -10.690275354190517 -12.344169899615569 23.96093176268913
-7.94758293282624 -6.371869403776354 -1.8915400027828813 -0.2627116170133622 -11.524060382413882 -10.568605899689697 -10.06621555220314
-47.1589001012319 -6.358166717023006 -1.8006561991211452 1.8525538282073204 9.377097616013833 -41.11688312967422 81.35845298663918
-40.80567349699821 -6.229604276329401 -1.874641971098572 1.8290579141366103 8.684892141004983 -40.9053041886942 70.7815071642816
99.17697456230174 -4.752513547603625 -2.006655116613764 -0.0444234027573281 -28.46003823451333 -22.916846444628685 83.71549565567456
-13.34125964990561 -5.645404671976898 -1.7249694291709463 -0.183434542777469 -15.586189444742468 -13.47832202397014 7.440236356275514
-56.22242210711585 -16.632968121167693 -3.073865503314137 3.054972320957284 -27.427282463637763 -46.227492775438165 139.79488674425647
-3.347619623715158 -5.869644801026046 -1.4884407340553316 -0.3509258757573946 -36.48678428066994 -8.422475341565587 56.22295822682506
-41.52891687717861 -16.62185256711552 -2.9247539785947207 2.7102902376945237 -23.821602586731125 -42.54702439339261 101.3411364958611
14.030467693266024 -6.038698793453622 -1.889457134695715 1.66827795152409 -11.473351087515017 -39.49626126052338 75.70649732333078
-69.40724771115441 -14.927353037142703 -2.985268384131949 2.8975538726646968 -16.409778214068098 -43.20462102410239 184.2880441827361
23.70727901173603 -5.273877136077708 -1.303787318586952 -0.5311569091397557 -40.25816200937437 -4.969248113639587 79.76539506513853
-48.69354848952096 -17.092595724965204 -3.287955437194261 1.2045651650065978 -25.80646385568129 -16.47851657629923 36.41264466727304
-71.67047780124902 -16.711466703413617 -3.0207450863463365 3.050287414342836 9.51035899462414 -51.63837303371832 122.4005472219943
-55.716539616441935 -16.225797541980523 -3.0703932906659888 2.9643082118590494 -45.275569373064975 -31.785774802179716 153.17674104785786
7.485302179940443 -5.897101558162134 -2.0291398535012246 -0.3121999675081622 -22.396947278386406 -16.573119153027513 19.90841353924146
-62.30777976071681 -14.830511958353933 -2.962588100485591 2.556613456925262 31.099551755631143 -22.840521600400063 79.86300541746051
-58.08375465172757 -16.74739735201312 -3.117050998343506 2.6852974883214804 -20.400810326696742 -26.21408926714742 88.5139700862164
8.467475559835938 -4.736218683984023 -1.8672209836281812 -0.3909130821403829 -32.017837918262344 -15.279372588488238 55.85824822459194
-10.29534468873332 -6.600308016886192 -1.80222616161191 -0.0771999427622654 -2.340678909110504 -4.744521341719139 -15.530669633029987
386.3002781139233 -15.541218365405678 -2.30428758773537 3.284666370766432 -65.12350384916104 -39.38474349360441 187.19144639542276
-60.0196598866469 -17.768887755194402 -3.2910905171042644 1.108879938002938 12.812209777439524 -13.940735171257227 15.624212807504136
-71.48020696366888 -17.66032489984047 -3.21554543490848 1.3779386299562697 18.92738640096616 -15.00218372362297 40.34568609553601
-27.83197265845895 -7.116410983337732 -1.687193529059017 -0.0372949389986379 -8.34548455995958 -11.515856550367843 -1.5422945569813071
13.362934466637554 -16.758288542855954 -3.237967114024836 1.0481304669492353 -25.56328155298396 -14.19013379175006 -1.1874620615047382
-30.005907831551525 -6.789353614566761 -1.7783812472612162 -0.0699937573949036 -28.58830994911083 -17.61968649588653 64.67035953073436
-47.518516644699446 -6.776179852796768 -1.827503378822736 1.075270052110911 11.534737644477602 -23.03982923250233 32.01870433569134
326.6804562189238 -4.030145642313047 -2.0017125445850934 1.5641983819757612 -40.28492302120711 -26.96071469326365 66.19806545248052
-38.102223956807606 -6.198938895233638 -1.8274540420692995 1.7948072795744558 4.937547588766797 -42.42741846295282 93.33965282394756
-45.269981048131775 -6.241009890716964 -1.8459726016684213 1.9290267509569152 13.588184302452545 -37.6846924312529 70.23285013116816
1621.4530546527465 -25.087604615512674 -3.1380936444424115 2.9470399730759054 -27.412175432280705 10.603632818990365 216.37402883553935
-75.68603533315611 -15.75300350262033 -3.085879490982459 2.503920672844027 13.918131161840252 -23.00166119165686 122.47289933493823
-45.54527469351431 -7.316785773533444 -1.7131598563097654 0.7595104014485037 13.668907550137623 -17.771999060473473 14.288710767329793
-11.650474570192022 -16.344193090910156 -3.110137367852033 2.997380446738475 -56.02413475697247 -35.21617593472297 112.5625126568698
-80.11270728355494 -16.547306622515876 -2.783839012709736 1.726686075742003 26.99740840366126 -21.39728588368731 115.04238151308584
-28.023928215710058 -16.832244524628745 -3.2960399784935377 0.8496929303490276 -35.661703775621426 -16.518300002356398 38.592985666514906
-67.27475363055454 -16.5884361192132 -3.05942257812156 3.0508826301208685 -6.53364383582295 -50.93129785631564 138.33769932260446
-72.07384165186409 -15.242631940900432 -3.0865299495785403 3.020415929637174 -10.680091182586096 -38.39149510019381 150.38205182651956
-1.4102487023679096 -5.505979314156849 -1.7012473057027446 -0.1147906670380465 -27.570112293788306 -1.8687873035617069 28.556250276137472
351.630474911151 -4.769621999871553 -3.052702927679901 2.77893608298443 -56.59632732181542 -34.05361668158069 100.25812227945973
75.18632636138962 -2.9360193312399008 -2.027215555705631 -0.4174672525975921 -37.11417252000614 -8.43987093327141 30.008338336749077
-59.8163358553114 -15.672495687746109 -3.075349535339121 3.004858020064015 -36.65185188809236 -36.009504254333635 129.6855774522952
-50.06756005062173 -7.407951086421896 -1.7520281370538309 0.755034637400873 7.833570059109336 -19.840254004565743 29.36186548411551
-85.05296470624893 -15.090676804241312 -2.562285099070946 2.508014920429951 33.99084864163686 -35.54581003633954 259.57972179569305
-26.113282781747245 -6.027043144487891 -1.5413751260989563 -0.0168954982605193 -36.78973653729909 -17.82135399508066 73.31498832492859
99.33131369499203 -5.99254151271987 -2.069027342898569 -0.3134598889333971 -31.92150600314073 -17.656095873875437 33.603453017542215
626.3209918545963 -4.416127278863821 -2.0826309803381826 -0.2401583807717364 -40.39641834876518 -19.09264810986013 90.76839630918248
-67.53713331855757 -14.568900917787207 -3.076433237813017 2.825214370998323 -13.010217266574346 -38.230021194432325 124.4118627250388
253.3703043572017 -4.552061437196802 -1.9657511304697848 1.519196024894484 -39.04445097162272 -26.97851483361377 67.28909598808417
-50.768812605365646 -15.515647726184852 -2.9704851372649697 2.803915304172352 -50.17939890878906 -38.93174733976013 186.58376076896917
-55.781769818040665 -15.339297718154445 -3.0712692657996965 2.8373684405043105 -28.80565408896638 -35.31045262504336 104.99022799718486
-6.013875655970435 -5.006982814004124 -1.5272145486421491 -0.3049584234071086 -30.551054539284227 -11.852845571087444 35.42604156136527
-32.846967328924485 -6.100625958722371 -1.910502545720568 1.7822344572397952 6.753360858709957 -36.868515541334816 46.35929836686611
-44.34330071693237 -15.796453387006787 -3.070414937820713 2.889802732215285 -48.405401854788416 -39.22026075730079 143.17497659163993
119.31475617776503 -3.269197154099025 -2.032128490898216 -0.4782857168629665 -37.15111609611563 -16.069051542203255 68.49363349880983
-22.39886156541969 -5.88706796976615 -1.9644503329258267 1.0862797916831088 3.2292674464653683 -24.803863596065025 12.819083675808429
-21.79992849814481 -6.191550655064634 -1.9375733265334811 1.74620171758879 6.0768709297516645 -38.025120115449205 46.68032438530157
-75.96594446825969 -17.297590537623858 -3.101057352507976 1.4713563835404475 21.1028735569561 -15.132566380448996 55.75899392125847
17.973549296926546 -5.15791564139165 -1.9625384012837648 -0.4348842199895203 -30.01707653977286 -11.70619668752098 29.035576864707576
16.732076570737416 -4.991138601783711 -2.2421801216577504 2.083153403065684 -18.309763919628352 -49.58546172070818 117.5541208037214
57.47361547284607 -5.094431289915424 -1.7036602324481365 -0.5783245737209194 -30.213143071634523 -6.726607424571005 6.205379581350154
-75.33751479569912 -15.65825254625354 -3.1042585835684924 3.1457919382571937 15.32298835446223 -47.994010618178486 133.49563081123168
41.33466535359087 -6.127774616320664 -1.9738342323424647 1.5719538012280512 -10.342107893100842 -34.05973430381256 36.71967382261083
5.938902722761411 -6.205740193979286 -1.955310672770703 1.6722907889821017 -1.556212592868102 -35.448347525445165 37.02232079612027
-17.03053897739947 -7.1626177944998135 -2.054278033444452 -0.0142046737862512 -4.179212119922207 -9.042648413310026 -3.730500179162029
65.65616824286057 -4.352691001517201 -1.921642921245464 1.7295171761241588 -22.577295398138265 -37.913464689616525 82.22238922158726
-68.82047829716981 -15.393766814992889 -3.018732315780699 2.743449635578581 29.58293200736884 -23.51282806931581 94.68447838613314
581.183944144495 -20.44377264165765 -3.13092076452284 2.6036123018591995 -39.35592486309207 -7.319970720532408 124.53258434327466
-80.5704273776274 -15.298066177475524 -3.0482346691883726 3.1918375888490966 25.146408953520044 -53.93210485034239 173.05692180118723
-53.90534196844742 -17.184058793015485 -3.178795290023706 0.915212545047001 -32.26675764724069 -17.4704277116911 86.43947665742864
-7.503229303266193 -6.620032710063974 -2.0704277502413824 0.1269991457053609 2.68717236812635 -5.648687561777091 -15.157919879975456
-85.79252287077027 -14.382957629938574 -2.5612134257930355 2.832436885649053 39.73393776360024 -41.45214439055864 309.8557713078165
-17.59222133802807 -5.733051601354212 -1.9649435031203013 1.1332278930920408 -1.1886607396720343 -23.84589240631237 19.39107699855996
-66.42788473709349 -15.912359286195278 -2.970842034014441 2.6441747805743745 -38.56918225225429 -29.57060689415592 213.12716327754327
-32.386111964536944 -15.885530756644911 -3.1080608516727293 3.1182876563126976 -65.84638053989445 -34.842412318488364 148.66973092524853
-55.78743208315885 -16.527844292467474 -3.064489540956611 3.0020688941441245 -23.197533718774828 -47.9097633629986 131.25730561684327
207.87367085270589 -4.218457369992135 -2.0149701675315432 1.4738439417805569 -26.164370280696023 -28.241717975506823 49.87134105097357
-82.07745787073794 -15.41118080030876 -2.89255407934465 3.036136157802789 27.919553211592564 -55.61270386537943 168.70758154396128
-42.80638910434818 -6.134835560652694 -1.846390090698014 1.722296794897322 21.37156302814397 -30.65485063888291 42.76896320923224
-52.57941802824342 -6.497362717259134 -1.7123160898901597 1.3792280431578563 16.98074286468223 -33.53200059729553 68.44262659044394
-85.85544449493447 -15.03126582175924 -2.7343905195920244 3.0525023223436856 54.39436828734845 -42.53231455518659 293.1308983386474
205.6555651632242 -5.45300773996776 -2.930440372603434 2.811680277576188 -47.95091712188971 -45.306642909181015 137.81099975216864
-15.813495254327185 -16.843821236975653 -3.2427493413779924 0.4988289858939304 -40.762113219561215 -15.669475474968497 44.38953685150789
166.79301054434998 -4.689357555633809 -2.0070107561970367 1.637094132071662 -33.241529263578826 -28.473524348702867 59.64086475890237
-81.59624276826844 -14.22499571197747 -2.3961040189540035 2.37855587364315 24.16790613974712 -32.780360453609006 197.53854343994612
-81.12222652458127 -14.240748062992138 -3.0157146078751977 3.031609749801489 25.5025284071635 -47.034862304245465 161.22602139832873
-47.184911816732246 -6.005371859910732 -1.836415813196738 1.9555619886141984 19.14905671448748 -30.620666278437824 63.78077447420235
43.1479264603168 -4.839343169072451 -2.00570911972029 -0.592671302263674 -29.724443221049167 -11.23894300332998 14.175163395744203
13.932338125533912 -4.957875071687117 -1.5732851632230904 -0.2251917420962403 -30.34436969330429 -2.7233963146902984 19.83582751510398
-28.809581308869188 -7.294988756737964 -1.7108059798442292 0.0821462928067662 1.1348021840566975 -9.94479189014637 -9.11697032680569
-46.410604979097705 -16.523155054960743 -3.109589286248396 2.4567252038953904 -41.78213394724454 -11.958584472996913 89.42537717647033
-43.43368079335901 -17.123137780957993 -3.33647789493282 1.1602098926110962 0.6066567223507625 -15.451168103411064 2.870738074240059
-80.19354002823928 -15.399282513163524 -2.7684504609144445 2.010580864651172 27.499048180451645 -24.677914118133035 132.13095924700903
653.5288422503003 -20.38215314359265 -3.040817028123448 2.406666266336169 -48.05173644188832 -11.483189247338917 191.7463992877739
-75.26333873838813 -17.701935440482696 -3.1750072302805825 1.4086636956973335 17.162380753678935 -15.748373698073484 62.201115752813735
-36.39551524509746 -7.416245437084679 -1.5020600621038216 -0.0768793671679745 -20.50685152144588 -13.79265632060772 74.41169519432094
-57.54117175327004 -17.558470660840104 -3.301238028294065 1.126792640072106 -0.6586104511473726 -15.270638270882683 34.15930660303845
-65.16962474857428 -17.740064954231062 -3.296838500067332 1.3128486896426153 9.31740758995961 -13.745161186018162 34.92777154103647
-40.5702250051985 -6.410610372766985 -1.8888671905870416 1.8633287465848012 12.502571238061902 -39.071485183986056 61.84538190550529
-65.79171952853436 -16.172882069675808 -3.1102796160575146 2.4127095093717057 -3.9464479740945886 -19.163730677906056 91.7363506056335
-1.6876127125560068 -17.252813166477324 -3.208790011583841 1.0147193639223715 -40.69253248144602 -11.952901126417292 16.053691175354253
-58.566826444067885 -15.518338794639172 -3.1097516072856477 2.851356421646876 -33.240657566726064 -35.598297413574656 119.00389429460262
-62.056221467477705 -16.00820383069123 -3.013220544954438 3.11394689932873 -37.941913732802526 -39.953746780573375 190.70433017861745
33.90941623520537 -6.072775775346876 -1.915321472154745 1.581499734418005 -11.161804462497336 -34.31338630380198 47.07770434029777
88.743277626666 -4.171139510068316 -2.041874685082282 -0.0755088359096649 35.60829557933618 -4.124145995652551 -30.31642738950139
666.9548562405732 -20.174119505406253 -3.0773771749902035 2.399389466718341 -28.142986416035317 -0.4685292615769459 110.99191388516292
30.556263873049733 -5.330090706062754 -2.005950039201404 -0.3230910532902465 -30.51871603106151 -15.736714830893362 44.56335205462129
8.778121835097396 -5.742194472054816 -1.9820564668613627 -0.2632453881763049 -27.883695634825017 -19.53421295513674 45.279100773861565
-38.23307377080076 -16.102051587988708 -3.136535803654341 3.0285977734583343 -43.92432681394323 -37.61822565086406 99.7132688642323
-65.58400631725823 -16.10362407332855 -3.1336340792049198 3.072347995545114 -7.309269461895701 -37.9441822929291 112.28492070562432
-43.25678429961318 -16.517694609963097 -3.0543000251825525 2.8689340994383894 -35.94308133836746 -44.56026634058839 119.20163315707951
0.4045162112972515 -6.282195123354188 -1.9565042417296912 1.6793798169744174 -0.5674631520061821 -36.08065705651924 38.4889705169129
-14.58624189143355 -17.076173285769357 -3.0857989805244856 1.0635012243290654 -56.6187056700653 -15.630360677920669 87.0474897993258
72.22353665361989 -4.852973729209887 -2.225383213558063 2.050892660706166 -25.47203040375581 -45.65231843602388 102.3599778802354
16.14526559431965 -5.922033608633723 -1.9439276928426004 -0.3966882277147389 -24.509913315955227 -8.433600429284418 3.905058522951182
-26.21098947754688 -17.090585959321004 -3.158931517465676 0.8984544659742326 -50.58658187827709 -19.18947289476657 72.06428340592457
-64.30089292137377 -17.435667326579352 -3.2092202603778266 1.0672582737583056 -7.5794149873942525 -15.21514206310546 70.29650048286763
-12.357032333098354 -6.231188450593908 -1.5684886129108342 -0.3584971944241521 -20.14755007325082 -8.419643501055345 14.341637835242077
1.7993254507696712 -4.731509180678056 -1.5594859067517255 -0.2304397469763363 -26.667691241775387 -4.430996142370208 13.96573307223339
-37.50225756313468 -7.378336584850807 -1.497156502726442 -0.0594891690756356 -15.95781893836742 -16.360731114758874 42.85810831244177
1.6355903052506633 -5.357060711076824 -1.9934207698010784 0.6791856133219959 -6.440250931161059 -25.61376998199615 22.02953705488628
19.39182227351332 -5.745817683864118 -1.829767788220068 -0.3106037580890692 -17.1046895928597 -0.9253798650046052 -7.59650407334005
2.222189938762009 -5.912588327157006 -2.0441838288370118 -0.3053154929054461 -18.11837411186644 -17.416603076437273 5.35874599494572
248.77252540631463 -4.18031711063557 -2.29938227922723 2.0115051515876936 -54.1038806022768 -37.72118271897071 111.28330338501648
5.054818882247298 -6.09375537151837 -2.035385234267441 -0.3777691127226776 -20.120041564145936 -10.655583858218767 11.985129144079696
-43.294598261661925 -16.545818544982254 -3.0337529911915944 2.872866143578216 -35.94308133836746 -45.71532295426511 126.61712852803134
16.91746515561324 -5.441864444396876 -1.59412284619532 -0.5107440257513552 -30.06799668956133 -5.0620920275113175 9.53773022138546
3.675830996536555 -5.287921288288024 -1.692002058247941 -0.416555871319621 -28.71154164412312 -16.40098370486883 56.66148894099727
-76.21160244893758 -15.557951922243769 -3.108303989769117 2.8946544078320864 4.6837251697107725 -34.74412385411181 162.14853864435452
-46.72694486072529 -16.28615153343632 -3.0609430555058545 2.911478827777126 -33.71302662282662 -45.45723215665053 122.92603491593948
102.87968942828633 -4.876040357007052 -2.004793335701863 1.502582471985821 -15.13798617673836 -30.591943324691005 35.59103643761903
14.381806840727204 -5.456997243126833 -2.034568544340699 -0.1371298873683226 6.588792571805685 -5.308866700547279 -23.01293608721248
-21.239515713732363 -6.225575392423207 -2.0003237792536965 1.0200012932033335 11.761342255173403 -23.79673974602734 11.381408633370686
161.84997787240243 -14.40709781303463 -2.9699507740951057 -0.0698068784486437 -7.377548097404898 -7.71345889254327 31.04401733641865
-65.1182214086807 -17.453381694535285 -3.230292648601562 1.4599334479535802 21.0025378548781 -10.559478270902192 13.648049921456568
-50.50137728914225 -16.95421227576288 -3.280015956846281 0.9908717066333906 -4.430948464276917 -13.469017405150746 16.054006253176752
-18.562717757054568 -15.827548213848152 -3.1544887331292077 3.1920816399915912 52.33936479766903 -29.430529116694103 10.30390509831276
13.26278000222446 -5.614654811045359 -1.9744491162030589 0.0920464024721686 25.698683864152045 -12.337899395628602 -23.577140677013944
31.67645745605293 -6.048784021998372 -1.687968997860586 -0.4533266393247507 -27.157968767272084 -3.698156273182308 -1.403119148989981
741.3560432714563 -4.774574926220325 -2.0190132942619314 -0.1845771212597941 -50.06245475465383 -15.26662930619212 136.6212495145793
-0.4195185931716781 -6.210919521253008 -2.025471138891365 -0.0720871646797508 4.113249361731248 -9.900696087915357 -16.508758051447195
530.846398782901 -20.364802090083995 -3.1308998201562805 2.9737579722180514 -24.96106930008152 0.0774063245689733 134.80507889038773
-73.24682609439417 -15.417186536782305 -3.1209359204295875 2.965026909653958 28.692284991693235 -36.441438594382966 114.8635062189134
21.9463592698746 -5.740430935030655 -1.84485950639463 -0.2823413868461952 -10.5991870214183 -0.1496578395186454 -17.13119937046003
-50.817053386009945 -6.563818960083892 -1.6983151875007587 1.0054472079993668 4.546257219017278 -25.00856521009157 43.785777276665854
-75.06147175318158 -14.509621266472 -3.055984161126592 2.8660261483195013 14.929635885850958 -40.774154575063314 134.60887192476878
-58.02640568434964 -17.426271152233287 -3.252313318246669 1.0758024006956888 -5.740815677401321 -17.052534580838447 55.40887561234048
-36.959184816830096 -7.622887109585364 -1.7420394623388156 0.161414660366743 -1.8745354526210616 -7.045796304940458 -3.860450480977896
7.646320371465376 -16.585059081459736 -3.328455247658633 0.6660723923041154 -13.22316700099513 -11.331744776717922 -8.12307971168562
-36.099891726133066 -17.101806515390603 -3.0094955290080883 1.042014723334504 -52.554812476507216 -19.178774830616767 124.96220908499924
48.05936841534643 -4.0610250400509305 -1.6463913509367625 -0.3433760029138689 -33.82622889292756 -1.4361225284601498 7.322303110882673
-31.003004493394496 -16.99383358006139 -3.3015197691543414 0.9910626026359508 -20.416814899915213 -13.712398364559313 -0.5575294368616515
-40.24586563392226 -7.472041683109935 -1.5664560665185931 -0.0184350814119546 -15.541855898149713 -11.73309917236836 71.43231060331132
-12.30790652045369 -5.650941712129973 -1.5406116109660104 -0.3691759316793496 -31.440979101398515 -16.33888548796552 62.65679887271516
530.2182855732285 -20.33910866500688 -3.1284335297112538 2.9558533311601303 -27.042843757876494 -0.7570426791176127 135.40839794369813
-66.67865851911522 -17.68361063574497 -3.2439346350478058 1.325614088225457 5.387837882618969 -15.796514986747692 54.93668262653895
-79.64516526305056 -15.625103272088651 -2.9161783336435128 2.9668556721622243 22.15047463924012 -55.05907904562584 152.2576824036566
-3.8268239753967177 -6.036643694743944 -1.9357609491241623 -0.0980536366500025 -1.8356469106673097 -9.08269872909782 -15.566505738702382
24.426429156944327 -5.03581139225186 -2.01028778867702 -0.1605915032967241 -26.078345440171447 -20.44343603324869 32.36758999639817
-62.853270830498 -15.965079189469863 -3.1745518947925526 3.08239343806789 11.979626635967664 -28.615804668783767 89.36176774171534
-47.8744847140297 -16.90934276589763 -2.993509009191266 3.044160479885727 -40.80059723704965 -45.46960179332376 149.57526228643175
-72.63750080339221 -18.104138061375973 -3.2197701437823505 1.5093857489347635 11.334224520296267 -14.81597054451501 86.71911612013398
-62.94010275488449 -17.796850676866914 -3.239072159738243 1.1227758817435494 -1.7019103813934104 -15.747705069064102 43.61611700370455
-1.4342967511525622 -6.172639027330202 -1.7856757964116827 0.077275813183683 10.410076300679853 -1.1351383370851766 -24.319529697409145
-39.07473243164533 -16.008356084137933 -3.1316314400003926 3.186826943320567 50.18081239544786 -24.19182082832522 18.311201862073755
39.15576024076383 -6.341267937486207 -1.8535179215306865 1.6457370687866313 -16.372881890868126 -38.42137551256188 83.17964225790779
-39.17085240232784 -6.362555284193296 -1.869013715250042 1.822543945003828 8.724448111968396 -37.97455153490908 53.9004731876217
297.0442648050992 -4.798805410966142 -3.01284744574442 2.7935987791189127 -56.67011306254269 -38.12715339881726 115.9632551243532
180.79970974490917 -5.486896273752948 -3.0659908769438675 2.83982875498915 -43.12519656194092 -42.04059234209067 91.188598332433
-83.11495009617762 -16.56897287030388 -2.9985281306288165 2.087918101481672 24.53669589708414 -28.238697907502345 185.0875763677944
44.61297203820044 -5.147537250962542 -2.025368111648198 -0.5051868877607252 -28.724385543936183 -13.576829618862355 15.024908889432147
307.8477655074875 -4.09079733072427 -2.0266093325299197 1.580621923462181 -35.02255760792645 -27.440307111106467 52.67578397402377
289.6969474911924 -4.193315775031494 -2.026145001015263 1.5732098176970832 -33.207057500303804 -27.649863308864848 51.30246572938889
-27.705099785553298 -6.652546073777877 -1.707432637164402 -0.0468735227471861 -23.423881407844632 -12.424472805513323 32.03596898668813
18.97310453114912 -6.155538510862009 -1.8372479596448228 -0.4329221646593303 -20.119001293481016 -4.337343131209833 -2.996528122209768
-55.033842932598525 -17.52750577627813 -3.220181470251699 1.0882968623414513 -26.74201530319392 -16.905770513282995 74.09690909068328
657.6283651770647 -20.34914788955017 -3.121401670292133 2.454681247027601 -38.36676094621404 -7.759259979684725 129.45912675646355
-86.28010593052545 -15.84122054067628 -2.640468668906666 3.220416079708486 37.58457131941124 -43.49045992560558 348.7940570199952
97.3132640302735 -4.8275483562485695 -1.9452650556144853 1.592834780510667 -22.12420154470077 -31.899646817459352 58.39021863317296
-77.21390367175492 -15.747983876328112 -3.050157056063472 3.1843505776216494 13.089869930435857 -53.62955022360508 166.49172290086386
4.241056681209355 -5.678383360582077 -1.7800741233741348 -0.0513248937442537 2.929042916364948 -2.299833884085976 -23.565933408698623
-37.07148627174882 -17.198829902256566 -3.2412799939534715 1.1061714276763162 -32.495272061319305 -16.510610768748712 34.319532769406095
29.425979636056 -5.875675856936184 -2.040530487785666 0.0049860575093248 31.14939983364282 -13.859204572598566 -24.295169009886457
-71.84400429288196 -15.131005200932549 -3.0255178747816927 3.0228758269478653 -17.6120222434583 -40.46792248877448 196.85984935781656
-37.062407043779 -16.19664565802309 -3.186420529742643 3.072987341972988 -41.05734473534072 -34.737771878522864 76.55631325579733
-55.33083349817889 -6.880240882569919 -1.6674152749975926 1.312784605907218 13.61930422759078 -30.65424381591648 80.54918117522996
1.979253055064537 -5.986631478006648 -1.9349498406417025 1.714257733582658 -5.597031634076101 -36.83271298631236 56.1444183250686
-50.49663162291838 -6.353823229966435 -1.755287195437487 1.954400415067878 29.752976358665794 -32.63491397851321 55.30531394778069
1959.392161232396 -26.23298272389516 -3.1200174370472813 3.004770156003997 -23.51631654396724 4.688606287649524 245.4310419176303
67.26653683020429 -3.2842872224053736 -2.017841550580513 -0.4083583245540866 -30.72441016380584 -3.532898151977072 0.4015749243370679
382.9792558502095 -15.0194787229756 -2.298153078116788 3.30565933477442 -65.50537924744508 -40.001553754742936 191.5207979459476
-5.317357572066641 -6.0344607192516095 -1.882190227593908 1.7165070549835315 -5.522016633128977 -41.07743963685287 86.14735091964859
118.28460983968743 -5.078412243041336 -2.0609119214180915 -0.517219032735755 -35.574756814845145 -11.124860285631367 47.98609076121039
543.8876298153111 -20.002359513335424 -3.124658561039366 2.902569643577181 -21.36187811819067 -0.8931086825232338 130.01027924590204
143.86999877632482 -4.567919780129432 -1.9981371293729435 1.716469068110221 -28.62871543454344 -31.426122629281377 59.54852493068055
158.12691516958105 -9.19457467896126 -1.7374857876154717 2.9196793671585386 -35.482499615488294 -53.96558406002555 222.58840797227248
-41.55660512883866 -16.48184961269384 -3.1187243467367254 3.105703825462921 -40.58920042406327 -36.18802819983389 115.51820124797705
-58.61630069704888 -16.01771929975429 -3.1127714493421004 2.916094276467695 -41.89763714396116 -29.587656933894717 141.30965742458957
23.045679786361035 -6.329516675339892 -1.949354252506698 1.6154508384892403 -6.985180723480582 -32.7099577520348 36.55395303991433
-46.59018680770267 -16.22463143094115 -3.1161707714532034 3.032567339483124 -31.580828526486947 -25.538773967689483 82.2765577845758
-25.03879858402546 -7.145892919388108 -1.6271284065469729 -0.1863992070588378 -16.694182368491784 -5.539054879166062 18.701437003432915
-46.90586947956394 -16.23828711156293 -3.141131835578862 3.0146165407585874 -26.66520900418287 -31.446111265422665 85.87254047236664
-16.555237879485137 -6.215382366963429 -1.878922519657639 1.7184688957895309 -1.435538583629651 -39.85995049176813 69.89124963875233
-61.58016557440352 -15.790472692161154 -3.090199097545316 3.1365632266216075 -33.210510150536344 -35.02829118309164 131.2444882001806
148.18936809957862 -8.320843496826873 -1.5307589087813618 3.024106783599467 -31.59121797119685 -57.09877959790642 290.80926866792606
-24.26183811991642 -17.040380761752125 -3.3114944198673526 0.790999829671513 -27.135992102666044 -15.971361472696453 4.449815880056158
-11.708613405025302 -17.096303274462752 -3.1315207913860945 1.0623951028540972 -53.2284330132724 -16.219422835170587 62.24532460146335
13.415566887603037 -17.10780621284334 -3.228165878447032 1.0603785281815257 -33.292394040219534 -14.291765401173448 4.689209488103399
29.381637349272268 -16.768426595097036 -3.187755477093255 0.9761170501524076 -27.94858627757789 -17.36846178776304 -1.0615827622233116
15.836202547926971 -15.331450062772868 -3.28275901835577 0.8669988798664388 22.14916242261555 -15.64975091919224 -11.276112751411564
-24.396247247528947 -6.416290996643596 -1.8369146774528464 1.7592659477034205 -0.0419555547515994 -39.70419926370448 86.03651966392755
-85.27974949222865 -14.601707772971658 -2.954236357150999 3.3965463953161885 47.81274505019272 -52.83421601696629 237.6251786441679
-86.15650743807498 -12.67476088902894 -2.021513417807316 3.088697561000597 36.24699425691503 -55.32352181882941 472.9091262366999
3.0984499311788096 -5.991683105906787 -2.010494351066501 0.974102389223807 -2.086305195594787 -25.07005660402842 8.566514245247788
-12.207137082186648 -6.148080646748904 -2.007085295357941 0.8804727239889598 0.3871253660304192 -25.66797950033517 17.462566746953303
10.902872794971882 -5.447488717431276 -2.031088433207572 0.6296158452644771 -5.969391210942374 -22.60271442231326 3.810994800615456
-43.94557803243929 -16.012744835101813 -3.1197741622749877 2.757856868744597 -37.48946337512383 -17.99730737107011 90.74643185448228
-17.65852521938447 -5.496232545766367 -1.5110389876834482 -0.1816431040963174 -21.51506749059278 -16.095549478406298 31.745010770712756
-75.43364789581155 -16.19955499474995 -2.816303391087829 1.2659333459328337 12.825375447215032 -16.167938401449533 76.07386703889588
-18.583915198189985 -6.49000200574649 -1.3589954647867162 -0.2165497948009342 -30.825497451667577 -8.301515296913538 46.41579652616807
-2.143890932820656 -17.23610673576069 -3.261362775194641 0.6409536542563729 -37.63550415065217 -15.086765293307538 19.92296425571926
326.2348017417908 -4.628497952469694 -2.0202993090358645 -0.2919795301010283 -41.27229073128344 -19.991959746186215 109.01766477541273
-58.52194055117638 -17.336688863519978 -3.24956196780982 0.9573264553043808 -9.179236539380977 -14.29744874775304 38.874029995612446
109.64255212073132 -5.667897502782888 -2.99504759009127 2.825774547339437 -34.30949936891298 -45.19440653267894 113.1611037223098
-4.7017227572643945 -17.29982195202224 -3.169096271239565 1.0657073897062213 -50.2758139049266 -15.434452378176957 49.40310504656849
51.88552170784337 -3.822586691105498 -2.0306937395325897 -0.2853092545498507 -30.897020177575367 -6.86455851228454 14.354136206803986
-63.991645794048985 -17.353870623659855 -3.274420991942821 1.0620507106937382 4.519421789017992 -13.022373226895429 34.171381950504994
-16.9542561591912 -17.150850876255678 -3.2412366600716886 0.9153185659312876 -21.56161483686234 -15.84298470289853 -0.45275243163222
-77.6451855985154 -15.028377068901806 -2.97504981146086 2.9666100564348 9.00557923463143 -54.273774274127504 172.50050128540278
17.30895067489853 -5.4750373020459575 -1.98812654403028 -0.3581886566132629 -31.474534269906524 -18.44011114656997 49.32297787338942
-68.62055754631105 -15.800847112295031 -3.0110049489786577 2.441226527885734 -18.72487853217641 -23.86218672670865 164.93622408813044
-23.49167689564093 -15.55886229085363 -2.958608777042606 2.7938183949038136 -60.83386589264772 -40.774154575063314 163.4909267443295
19.26719749725314 -5.438924072166142 -2.0129413519008037 -0.3501074182685736 -22.451682806044023 -22.91907146217243 30.586980227752328
-62.04518823590547 -17.567370318288585 -3.182545487344336 1.1626675227938783 -13.725970199088222 -16.621937498807853 104.87987024830394
2236.014532322165 -25.195224750810755 -3.2080355508375966 2.908964302862364 -0.8301590466150502 6.345468972854141 226.3251604002473
-45.33833675215189 -6.145756364057377 -1.8462221705299813 1.881065245392286 26.233661029959805 -31.34683109499441 39.19987028721231
2.6046837621411942 -5.832916699667379 -1.4590573374813849 -0.3695386639845578 -32.42152740445489 -5.293898400707375 23.47260923528418
-55.30647916603946 -16.259049100036055 -2.9581245995216268 0.7640453274513312 -17.542501129470356 -15.081081946727949 36.74396227851594
-70.50636314734427 -14.911273080357972 -3.0722251373398515 2.873829930714393 24.499766832666992 -36.97433591484629 108.1233034652362
-62.71222631056984 -17.020514307042898 -3.0154597219946173 2.8991857344078587 -0.5776837716187532 -49.02303066359007 106.65776217401329
-81.9357556011159 -17.093230266902598 -3.0304912507342188 2.079790242763403 26.396291777220625 -28.78195897761081 142.4235206950924
0.0723214486103331 -6.14513712956546 -2.008480365960949 -0.3525919843312912 -20.688653168581126 -12.367633720986197 16.95480111201886
-17.339563874705163 -6.065386935983564 -1.6857049550892107 -0.1673245587294218 -26.54429099345665 -7.610343938090719 34.161893128354706
-17.186775769935316 -16.133446221057724 -3.0621268980113663 2.859894700135797 -56.66517251903112 -37.9759421708739 127.30010489760753
#