-35.33755513838267 -7.279346179067851 -1.565868718013035 -0.0007480244874044 -7.35614939091583 -7.737169938085424 12.018680578996156
-21.419527105306216 -6.712361805097377 -1.6981747749319778 0.192677369669385 1.99184553693417 -4.626393137577358 -15.1055731445149
11.327557167378458 -5.246217056098123 -2.01252105239022 -0.3574679583738064 -16.888093115898823 -17.74631022155906 14.49101682805669
-11.916509274682292 -6.937878304437462 -2.069604121888323 0.4818476960886481 16.77202376967088 -4.233576403941459 -16.002658999550043
-21.761143512136595 -6.120223947771875 -1.9155560363584625 1.7287613416011016 2.827395803692259 -38.39103436423776 52.44026141779148
9.100491935521688 -15.79771236021802 -3.28162524062607 0.4207098253842808 -27.2746321990285 -18.633507873480205 10.375004794784736
48.63919782261508 -6.18790853749837 -1.91553158376672 1.4939833824134037 -10.186962773613509 -33.96951995612893 38.51325010490737
-17.19407771397135 -6.647880667454895 -1.862658208902937 0.0150641492443903 -0.3560832656470121 -11.522733877321292 -15.379213708540338
-9.120844880190626 -16.521608773197585 -3.311275704645366 0.6890902125268454 -3.91585063865765 -14.141658188571157 -8.971510244810416
-40.09731708387354 -7.236132952215995 -1.4862871616122142 -0.0091130014826875 -7.31125275438129 -12.637063118104123 26.100097493038326
544.9611533110682 -3.8565346609990416 -2.0375832303446377 -0.3151129473072849 -35.18090841703516 -17.129454448698073 89.1062577971725
290.1632542052517 -14.488322066556842 -1.8390906130263245 -0.2666064497410844 -18.10235225080577 -1.0405413790880549 19.031992427198546
808.5949693933726 -21.46440460948924 -3.125994674037574 2.792895585072199 -14.84904588654386 4.082828405165513 112.17982989472816
12.5510748191799 -16.242876339187493 -3.342589752684571 1.0084031910278846 20.753665334643216 -11.663384765362586 -15.47020953443809
-31.14781180618741 -7.484746225871599 -1.692876887192041 0.3022663565894453 -0.0467139749470808 -4.885101995620781 -9.137154784135848
295.3457839183722 -5.729659962987086 -2.0614844091625213 -0.3458651173238927 -35.34241634891675 -7.275377660592746 58.34171344256063
753.1394419003199 -20.545621815341 -3.1057933484695703 2.7471970624809083 13.205893491201874 -0.157951086727248 97.25473461912352
9.47650635768124 -6.100281780075598 -2.026183375944021 0.1307771812073003 21.793125985316376 -11.11333064926824 -24.97598892547152
-17.116740791168482 -6.271447736435515 -1.9439090535415304 0.4117503369706901 -4.510519026156964 -22.569945982123222 26.60219022874716
-60.38406347588235 -17.39089050252393 -3.2501901714824712 1.1531867846150303 -4.705299522379831 -16.81082519395325 52.583640629721465
-41.57534658950781 -8.127503149300745 -1.6720159693878938 0.4771021635903838 4.290245969859412 -5.123381147125978 -1.1889109600196668
-35.0462499660319 -7.315905955602233 -1.708831272428304 -0.0213507648717257 -11.97764451337688 -12.021137807125069 18.114243251742515
-10.70816638218668 -6.246320146366983 -1.7829802853775034 -0.1189563216696429 -2.5343568526932607 -7.942680649400614 -17.456780347723413
78.74763788982509 -4.244337483622566 -2.0838236818959888 -0.2122013745666811 -17.20835161773368 -22.58248699009718 24.72831085362984
-80.1652986575623 -15.79924509594093 -3.071511211978937 3.20305273377661 25.0982178189617 -53.87259686850898 151.54619464240488
-29.890807002107 -6.2327199843078605 -1.931572423508498 1.7777186932667042 19.840536133249643 -30.689237273650228 27.16887031299326
161.40590367475477 -4.094942946990862 -1.9812666582059988 1.359293759551729 -20.5352704941277 -26.05938031371596 44.64563379371917
75.07498299542085 -4.1458601587845765 -1.7953936100202057 -0.4610643456072342 -5.948703233513652 0.9764033119494748 -23.703571792935847
-27.74865914637668 -6.182605312449435 -1.867606646085818 1.7319235958864134 3.361343582604336 -38.72600064173575 59.90202548527567
-68.07456152859271 -15.369805655895668 -3.1560896581896416 3.0785944485126358 3.2204366415974066 -37.71818568776398 104.5041724920251
135.05786633494148 -3.9430890360024087 -2.206391959170785 -0.0852990386980009 -44.31011050751606 -9.29488449304431 71.2103794487974
6.543253395030469 -5.658631113190175 -1.6963368970466004 -0.033795250414746 9.4524743208924 2.1255237361439265 -23.27563653340029
-70.08932621645847 -15.83287555185902 -3.039267012797471 2.954531832420032 -5.989290526790849 -51.64238480777453 159.34359956442256
-26.17258397083865 -16.833793771757847 -3.0901019137477923 0.8380675389735857 -36.97900854653845 -18.58001755273106 42.60219205779072
10018.012519320318 -40.60352915012172 -1.375012614412772 88.51240591269243 100.0 63.768218865946594 520.8007838201416
-81.94468304053142 -14.55365232386027 -2.9048462089716662 3.044193296536233 19.63544225615301 -55.5124095139748 214.3842007405024
65.32602377556266 -5.031249358132471 -2.0486837093086177 -0.2971638381377495 -30.50573572134047 -10.86857871945389 40.621529888383485
153.17011575249964 -4.640998999842872 -2.3141970438575146 2.047234467072399 -42.50695005625449 -39.4350125957731 95.39382671265652
22.504853617338718 -5.937579876012191 -1.9187308530157297 1.7022644883559803 -10.643957369950302 -38.139809656114274 66.94672883072472
-7.837966535215581 -6.025231572359421 -1.739406092567485 -0.0784432423102784 -6.367644145556691 -1.9189513354575376 -16.00208263102665
-21.309996739182143 -6.743734674948634 -1.4563712765407164 -0.2895974939884935 -20.24182310574332 -9.477538205955357 35.61981484382177
28.480166161853035 -5.292992285381001 -1.3127904110567992 -0.5776970556381257 -31.34918390409276 -9.015948202784822 28.26270970633076
12.724869522485887 -5.861502315344189 -1.3178455270851208 -0.448444628096427 -35.24109709165309 -5.423960789856644 40.91359782720596
86.92415229119136 -4.836267470301075 -2.0199481846218843 -0.6079753860949761 -29.97002332064064 -15.460408106821982 39.49481287586472
-16.451218759982737 -6.385734673849302 -1.5424005700757126 -0.0747207177054863 -30.31105179096593 -6.97095480574102 39.0408233014916
6.359117499663205 -6.388906446917807 -1.987209744615272 0.2857953475241203 -10.171899927204858 -24.04493033931843 29.621216281657745
5.753904333410034 -5.676032528637652 -1.754479394382806 -0.3682509032489954 -37.23676747823803 -10.635760974647027 72.42535361080796
-21.68365715053584 -7.1458059559012925 -1.879254562444588 0.3542561912422043 11.735495334840772 -11.14468316920312 -15.18972480869502
4.004173530820262 -16.35381084247575 -3.0528989947560827 2.7435956444319265 -35.21467395776129 -32.239773899538015 73.2519138529097
-2.446476536420451 -6.465797076735946 -1.933857336535236 1.6498740896970894 2.862263046862605 -31.065467512868988 29.349020769118223
-40.03835566279892 -5.956202171094561 -1.9074214274976304 1.8085506352959075 29.077018029276893 -30.807365477792093 28.4835992452248
-77.1522055220259 -17.33499847667247 -2.9138398673539627 1.4816618104889567 12.04138177363722 -21.588513780365503 101.65547840982843
34.43809671238284 -5.37830198898326 -2.0120936658107205 -0.2731772154747117 4.515199113688397 -7.8510503814618495 -23.622549215763645
-75.38469603599852 -17.601002879722667 -3.056829755578798 1.839810033656083 25.769330609103022 -16.53635298560923 56.14937726535278
-85.04834660852241 -15.243897053866808 -2.894505099699927 3.383405428259569 42.50805919486849 -56.757731043915726 251.4600103517924
15.184046491040135 -5.330408482620633 -1.4093453932944318 -0.524751565532409 -35.16789122710997 -11.176440237782328 63.19136786489311
1.5951348059881312 -15.289395947830483 -3.0629542251673976 2.762528311988047 -55.17199401845949 -32.4102742969259 97.32807219792188
-21.98978335296985 -6.610887409436845 -1.7642795337773631 -0.2756929573536386 -27.028320183305944 -12.567480751280874 58.07004710920322
22.628831959165296 -5.959655898257902 -2.006031211768493 0.378331053431517 -10.262798700995925 -25.056908773087976 29.63192570630551
25.267529558423877 -5.306829635426317 -1.996696403179466 -0.4105789864115555 -25.39638714274945 -17.639711653780434 30.58712030015269
-44.82263800293666 -15.570484912431851 -2.9532206346736465 2.847140754366192 -51.70173696417779 -45.33086127388068 175.6865489937353
35.39863748934561 -5.23995613720023 -2.000726355660406 0.1693327727074536 -8.898089078445203 -23.15532787045605 21.946592302030965
-21.14071350092586 -6.685899666276211 -1.732335531018449 -0.2199255463975016 -15.06396841928838 -11.576741121338197 12.247417061497265
-25.95623535053018 -14.240587071702402 -2.9744431304803367 0.455089293839432 -6.558189101519277 -12.805068798852028 -2.5969212902665832
497.2888726057986 -20.11278509902376 -3.155453782914849 2.8918013347466696 -40.09445770131093 -4.89986802113851 146.96519999720948
-66.62642892471506 -16.202567310237985 -3.1381013920820044 3.302136580053708 -18.79375186314689 -38.433284413279054 140.02410755466573
-38.84063178636804 -15.916669895771728 -3.0799909276979545 2.9584376885218804 -60.89259300797599 -31.88306032304218 134.0534237319004
63.344587983127006 -4.522293312176685 -1.9692297512376875 1.5445597035618437 -12.0207936881998 -31.408322488931205 32.16507038933183
-10.724764718375347 -6.4374808180424425 -2.023407106071986 0.9832409365181134 16.79251667367541 -23.070170380826408 15.09554008353248
-22.712420344810575 -7.311470026809943 -1.5156567302533528 -0.0422703115848887 -25.06021918237518 -4.601311121629443 51.99266708572896
-18.701786740604263 -16.827500882568405 -3.085123136362895 0.8931196136047419 -47.30299842639036 -18.90998596885233 51.6202253474896
133.56831333580487 -4.538653587232126 -2.332484415649496 2.0716938361616304 -40.70552104548078 -41.03500248406359 103.11615725895196
-71.09960401910244 -17.402770689076796 -3.1947439901715007 1.2235261776006303 8.079925789727719 -12.90670040827539 41.2825216123402
-41.03338296185414 -6.4342567901822605 -1.8835700412891432 1.8442159893856327 11.523874046479616 -39.7573974104327 59.44721631963147
-75.76940847413468 -17.206959000277525 -3.0355643212274157 1.408285003272215 8.872526272315497 -18.38845534154822 108.79433920946366
-8.629618629300277 -6.767553284292707 -1.5324511516074737 -0.1563377656409972 -27.47584488457656 -2.980486978156433 23.909379962217194
-32.78117291186524 -7.214716873662501 -1.765425146797328 -0.1119279517715363 -23.390323445835868 -16.23552330934143 69.16982298666768
-44.2617112243009 -16.440058221297818 -3.163131561046337 0.8566464814440173 -24.4878661686905 -23.305218761908243 64.52069915538533
-59.24147955580338 -17.337899779883386 -3.003622194016209 3.073307646672192 4.612110012209596 -48.47742939194885 97.29479594950212
-72.07876909294122 -17.63304090421269 -3.132377099259783 1.6192109588274062 19.15219656676906 -15.81055619594434 40.83441696197471
8.31561865684569 -5.937565665353223 -2.054228087193716 0.1055922581159084 14.85088394746378 -3.767334091361224 -24.898428739057685
173.73844235727003 -2.1370366951981894 -2.044851447341261 -0.3979618162043097 -40.7459591238589 -3.072117246095184 51.13319873555788
-17.55008835114134 -6.21314890767971 -1.8789802417799388 1.740288727525816 -0.6364126646293671 -39.43841080438544 68.05578198485071
6.891039134067935 -5.76876912203689 -2.0076076381281647 -0.2615471185130111 -4.8110080681294 -8.483359912535926 -19.840151365511076
-38.36228842217522 -7.335006834680375 -1.4108005617208823 -0.0238389360819015 -10.420688054062078 -15.46688088513112 26.9676782133806
-7.096848366675407 -6.01475318483137 -1.8227340946019968 -0.2987791343002679 -13.500021568938717 -8.74409151380096 -10.280745394598036
54.5834167755134 -4.82552190716756 -1.9352684086307488 -0.4855028079045559 -15.87685606636262 -2.0376863625658146 -15.046609259504592
697.825876433223 -21.2106469380052 -3.137191732542928 2.7285379654377104 -26.686372698546645 -1.420991285416307 116.633585381451
-38.058782002143566 -7.264815491466671 -1.5276124432663305 -0.0816689578437129 -18.68317574403777 -18.25604151340381 64.7580045166425
-19.426739071329557 -17.283715079933234 -3.1167487103194205 1.108954611182132 -53.97217585189183 -17.709128268034153 72.41742392129626
-40.54901164661444 -7.687464656262148 -1.5847607796095382 -0.0387094453293471 -15.189750217715275 -9.944185067179871 54.02515925777232
-3.869454081249384 -6.56621869058876 -2.029895211296113 -0.0097245726216846 -1.501020345973526 -7.286705022633737 -15.640945464910931
-36.76555111137463 -6.917999941283501 -1.036007768582806 -0.0407380592240569 -22.22795597277571 -4.736632643154884 87.39716655603982
2.872911802041304 -4.106384334436864 -1.596300168080682 -0.1704600993758869 -28.249354074963826 -5.481406697350272 14.649865366048749
-70.470448591102 -15.171151597004652 -3.10796390831466 2.9151506602990844 8.956320519034167 -37.70849056712821 115.98257990875688
1.257646436815434 -6.044178233639758 -1.5535010069040611 -0.2527317976338823 -32.68949244249734 -9.139133264980655 40.290064584394784
55.49763883240204 -4.730586937947506 -2.007467334272715 1.5303294058234758 -2.568542663070876 -31.51411195942121 30.96785554061891
-17.97648471687629 -6.314006630519581 -1.9491191811938933 1.7459389354929375 15.818880688749152 -28.337191455566625 20.534683352181297
-55.58073185625941 -17.390145356833013 -3.323140779858123 1.22522533929638 -0.1661102139019587 -14.303466408837306 22.61168176554372
1635.4501195022706 -25.10583222945723 -3.081566622303237 2.833653457989508 -25.276288722436465 0.1890673691327997 238.959814144101
-46.54051787070788 -16.1365727522445 -3.2332437620298 0.7731093947955892 -10.159742370499544 -14.357959673100504 21.281457038973524
3.908286511042344 -4.640543776471354 -1.8306429996232476 0.111097537490329 8.097205497464753 -0.4033098395080689 -23.538131205062715
-34.250733557212335 -6.247761929706958 -1.932357410407323 1.4620586192253218 24.20565173608057 -25.848408195702472 27.38748874209169
-3.873765729516297 -6.140162458057635 -2.01805434242542 -0.2705449638404483 -11.370636494754256 -9.38327837182851 -8.942249035531654
-22.303933103889023 -14.25532789650778 -2.9855204897848253 0.4686527246118842 -0.3336871800079983 -13.10394596603784 -9.015379734116038
-9.153672949095336 -16.423185641302286 -3.077205137308406 3.037804390934232 -65.16678049815958 -38.009707935846805 139.51951759553637
4.22211123780777 -15.838669888475865 -3.285948831482262 0.6579681805578304 15.271143541721251 -15.561157575451483 -7.970488148794573
-21.05321934606685 -6.004475049402852 -1.3074523510919145 -0.2383521853616398 -20.50273157943384 -17.202799117913496 48.84761631668722
0.5652097398030881 -6.507971410757892 -1.6941930613511005 -0.2791065690452693 -23.928603545377293 -2.1574327612849102 12.660561349126928
-68.2713905934249 -16.818871976084264 -3.1928852201239266 3.188556015265364 15.384177990409814 -39.035050521706886 69.9636613486432
-55.71681743285446 -7.693600315599963 -1.7408214812815102 0.8157353092717153 3.7117040869187297 -23.6063996088742 73.035209631668
-25.369601083808007 -5.9578121593036775 -1.940959460054054 1.7769349419394296 7.042095937801276 -37.54370722870695 51.76482292440753
-70.73256301161818 -16.851437551373348 -3.1705292274303893 1.14650640908062 2.742239084150188 -13.462665429561785 50.80351690544079
-27.718197847589607 -6.052497111402535 -1.9131747457330728 1.6792350195644263 9.977371846601296 -32.46763311408638 43.63699869624418
-57.08350891279335 -15.769614883139704 -3.117353752663852 3.041973287603265 -41.51172051066768 -32.80075363839464 133.2392140716703
562.1539607850148 -3.5470282550314445 -2.09557280674708 -0.337217541606563 -30.861941573183504 -16.11877057059033 62.04496214331783
93.94363771086002 -4.767267102194784 -2.334187560636673 1.9884303687121123 -32.51685224125308 -37.960473242086685 94.28197625161584
-62.694547890815976 -15.652354620466255 -3.088658158539616 3.0262054322902587 -35.313731848544435 -38.14443668123372 160.27479103590355
-16.918074097974188 -6.841280761673314 -1.8265292857808533 -0.0496665478162355 3.357573880286769 -13.208892626852196 -15.736061474995491
-50.690177273864286 -16.156336155977204 -3.1573800112464454 3.1740233002715845 -47.51656114100475 -31.171639057078632 121.540106838315
-5.995704669435409 -15.474908768978809 -3.247150360807526 0.4842415341954599 -16.504551029244627 -12.799051137767762 5.636624054400051
41.36125468929537 -5.698005361998976 -1.8516488458269933 1.592736836312942 -15.357503422015244 -39.586475608207 72.10262869716244
-40.44478674165688 -7.312014319941352 -1.3854298834645669 -0.0043452190758488 -11.654057754905182 -17.217767417753386 37.47814540137801
13.696921049541606 -6.187953934007626 -1.929221661376812 1.6415705424198108 -5.12365689245907 -35.60490785079749 40.23278778983448
-70.86986037038031 -17.748744476992908 -3.2391341021247078 1.3751515041536044 19.109929287994905 -14.514418861291748 36.60269653453045
-2.6582074186027747 -6.248004263998464 -1.5902392601712136 -0.2242599053862425 -31.395468511440523 -6.0542475777091225 27.975445861087348
15.450592415444158 -5.909318225697416 -1.4835277117165304 -0.4696504008953868 -33.516086237863924 -3.882225906348467 20.00582948560273
-33.08319055781192 -15.64875954664388 -3.078661116759727 2.761799547042876 -51.36919355291851 -31.35952380870996 99.5591507800372
-71.75455607750783 -17.047898198838062 -3.1189922385588544 1.247637339385625 4.8864821375041165 -16.507267623701868 78.19405137862059
-46.40789938394031 -17.130805786976698 -3.253522511708584 0.9160614102609976 -17.607268301381797 -15.91920840996602 47.96656450851711
-61.90263913774802 -16.57360140781279 -3.0590813052326946 3.043113182422462 -26.095915629400373 -48.96987465734561 147.92872252260628
-66.16577436628019 -15.493655100875614 -3.130286841646021 3.0409249863072705 -10.953304214847885 -36.23550085949879 112.43280800615906
2.6602773432671265 -5.823393609976324 -2.0212845247795443 -0.2922159258313745 -17.309894101104717 -17.14798277660797 18.2164359860703
26.18082793563785 -5.868904553252162 -1.5219532563602485 -0.3454090248701038 -31.66241653380501 -3.8559302444675856 9.223096561944535
343.5549984022948 -5.3544576447804415 -2.0394640084422853 -0.0197941003434041 -45.21471306122616 -17.009829414572277 104.29991066951608
-75.17614864250845 -17.982585259499434 -3.1609239233253867 1.4942483609804529 19.517572732408976 -15.143264444598827 80.41612715148214
-41.7920632002614 -15.979467203691732 -3.0984523595390367 2.7156625003437065 -18.76296633629813 -32.97894326939021 57.57430089172762
-57.03066576915 -6.845902600670225 -2.334557226519862 2.4337568556994875 37.50433314397071 -39.53214472527469 66.22689352976172
-81.19521334040265 -15.448482992197 -2.5454494795296907 1.611212388502889 17.3545997090654 -22.99430627255386 156.21734313601343
-15.446787949460804 -6.288133163598346 -2.0149284844929207 -0.1732358526084618 -16.783824647402163 -13.012484260034226 18.7218326816773
11.378681493460991 -3.9862925356305463 -1.638824078684148 -0.2364318329731272 -32.008359243622245 -9.017566397362112 26.049446073981635
-6.499831473774287 -15.714357388759844 -3.263086036295292 0.5010485050074017 -31.819732069318523 -16.15590307928098 20.481927259966845
7.887051244111583 -6.322944892826214 -1.564830059684282 -0.2414855203745007 -25.03660731661665 -0.621968381763686 10.062660099052287
-15.150653805012327 -6.42973146884037 -1.5990844566929676 -0.1731565465259821 -21.827630006632283 -1.654174247749297 21.796778022931843
550.9330533433376 -20.041136661504392 -3.196062885423214 2.8044940015264577 -36.583976179184894 -10.913183016855886 136.19377292171197
22.025841109684308 -5.045633507776331 -2.0259731698511625 -0.4823288037010126 -25.073083979025277 -8.343588355922954 5.521097901527982
4.546733855303593 -6.993733257584244 -2.019840026395264 0.2312690167067027 -9.418659652850897 -26.329821082444703 44.5597353537632
-35.324466944071354 -6.529093932067473 -1.7486051296199427 -0.0162554988702472 -22.49234823216561 -18.747770390576264 97.2840908427492
-18.574165047025694 -6.244198287764348 -1.9197553491852335 1.7377841385541617 4.800125635405927 -34.70377574557195 33.4956966163047
-18.42621484017449 -6.152933142573427 -1.9368562033131291 0.8715478904582723 -5.745658899510213 -25.106263707695163 36.2031610387454
-35.04493430469182 -7.43640577128102 -1.48384674653182 -0.0862115059500713 -16.517467105798758 -8.652258971540034 31.337466474819887
3.899336097809092 -5.537263225367634 -2.032357176803767 -0.3671472699044305 -16.77856691615271 -6.963470655821088 -1.6500304701047908
172.13319787907338 -14.541784630986628 -2.8474767052758274 3.0878469541635605 -70.9004644661329 -34.26271096736955 209.59422964376773
45.717446268684846 -5.339556408903399 -1.632691018841447 -0.4313164108534077 -30.66544244619599 -1.2008774917873544 0.6142787086212049
-42.713269382322274 -15.482311849964017 -3.1045300998603707 2.8860611178272206 -28.419923438783773 -32.29292990578247 89.46479019799416
299.4143516521735 -5.557090210599771 -2.0525261558086965 -0.3780966653959521 -35.802712427817994 -10.8028395647517 62.47588748427449
-85.53558358202457 -15.268963555184673 -2.49751260418615 2.5025705304185286 31.721795374472865 -32.614206144782024 279.79874431620885
-60.75917199428566 -17.50778859059203 -3.3216733811698056 1.3430746148635555 5.905493848291134 -13.287818943613026 19.257714317731
-20.62741587110837 -6.346879903801711 -1.8756005457274585 -0.1309746615699504 -17.26249524974024 -16.409276952077416 21.10284068050912
-65.7862471802482 -16.72972273395302 -3.165863357783344 1.150708081032984 2.8643793295443256 -15.216813635628885 46.315653613671614
-3.852407779735623 -6.563587397432253 -2.015960646465189 1.4362701819210888 38.00877074822798 -24.59471194695096 7.122089178754579
-60.82579769313347 -17.397595997988272 -3.1767461882164567 0.9902089891280093 -21.95600370530237 -15.703575554446068 96.80585803786109
-85.27479595793645 -14.157611552101883 -2.78693734605991 3.1489683672732824 33.744492082905595 -55.237937305630766 276.9450114591283
-6.05606723478838 -6.60108383907247 -1.7903346653383558 0.2326515427754811 23.245093289213965 -3.0090076575810865 -22.552481175636068
88.39930813319488 -2.4083117535264664 -2.0380414272473346 -0.429179403499992 -28.598203440476265 1.3194605623338778 -0.8418088559127126
307.66519867877554 -5.58680029530822 -2.056686623186624 -0.3976205099079957 -35.24305983432047 -8.0634384197305 59.97228347644596
-22.00385779369468 -16.490932628370402 -3.117520341462465 2.877029687932384 -30.396878062641296 -34.00863194381113 60.58135217272139
-51.01407028564222 -14.675109528972492 -2.632580275425125 0.54750208483795 -21.004739975292548 -18.68398936368719 72.77239422567574
-30.218606480344064 -7.41236178222896 -1.957235737074984 -0.0212397961936388 -7.202183672943674 -10.528151035257569 3.186574540175332
14.10414368173727 -5.5269860609226855 -2.063375267908417 -0.3570922900600004 -8.67512407274514 -8.788794138998469 -16.713003349405508
-71.63429522727488 -16.175451895996055 -3.016225302546139 2.976551981357535 -2.039827074829692 -52.705170618159 164.1526251986121
47.6276829821914 -5.53450159253786 -2.007140092138443 -0.4184916550213392 -1.4903255189573468 -1.501861683162368 -23.385739717919623
-28.62631021021316 -16.949877868241007 -3.173439286726154 3.1255435080767184 -10.383340664875677 -30.703598750523664 47.121886178947165
-80.60100886654583 -15.235897285212936 -2.9455430869333576 3.0412725624606742 23.92727636801815 -55.83669458351645 191.49083008927025
-67.31528379499004 -15.53439025713085 -3.081241180686726 3.058153769199574 -23.074463425328474 -35.715641804718075 150.12514831668105
-60.0648848760755 -16.009611041987185 -3.1535834186015297 3.120232027019968 -26.11055145348848 -26.371217084348004 105.71035183985816
-70.31055906954373 -16.681031618072172 -3.0955249253916057 1.127392985534741 -0.665392099374808 -15.773781600429318 99.2503528355558
7.085918761685615 -5.641383018257756 -2.0543048391269547 -0.2194360807301036 -15.92095597470883 -11.71044444828635 -3.337339999020215
540.5039230485828 -20.311315213362047 -3.177076176120252 3.0454437319849816 -5.903218152587008 -3.584340445214335 102.4504176623006
102.601481444392 -2.7396521390011674 -2.037317771544698 -0.366373204454215 -35.999365739959174 -7.688421826444721 25.697210972474064
-8.22029634685674 -6.748783953191189 -2.01941858425543 0.013969913171106 4.6158618257116055 -8.758452990674366 -16.947754214026247
-18.626843396671287 -17.254873726706332 -3.2807629991257534 0.8177897923683716 -41.031360496542064 -18.351012117023817 38.1619218302766
-52.39298014421741 -16.95211301532355 -3.170439368674646 3.1798496275198813 -22.368787279473096 -43.30625263352575 96.6318759654279
-50.54936367223039 -16.33593207857621 -3.167177507840235 0.8053986191255795 -15.956365743806542 -17.65296343124755 57.67244248952675
3.6775574819799495 -6.483189485591979 -1.9901188790346025 1.3760771498260571 43.02920655068224 -27.54771477617377 -0.7989691645903907
67.04880011762637 -3.933835988974116 -2.03807393686358 -0.3788135832828151 -20.952256898888788 2.008204629290764 -8.127715419218818
18.66019446784296 -5.10253190545269 -2.020717217433907 -0.4442799243706055 -20.354149046291397 -8.825405791309523 -3.862681567102756
-2.248299308819302 -6.519847942235896 -1.966189995878449 1.643212144556912 10.701156795765383 -29.094911066380305 20.67229307531893
-21.98236490101441 -7.097738870154969 -1.9601838678141208 -0.1440418187142618 -10.680679207400924 -12.173854920356344 -0.9159982902231008
-30.177586998650373 -15.45862565524328 -3.048052201519203 1.0390133720750137 -48.91090770415232 -13.502114541114254 75.9006274014001
-40.85548140329767 -15.983212903304173 -3.1586215344219988 3.100294559515805 -53.80527793834548 -29.977133331849405 113.26129061997918
177.49290226647898 -4.303915081020986 -2.397319351767022 2.0722633417356096 -45.1553779533098 -37.66992640573517 87.79950231279192
-60.12957668567615 -15.144612242153295 -3.106136758691998 2.84242724761559 -30.755482119914163 -36.15459674936572 117.62403483297878
-41.667851094522376 -6.150683318539024 -1.8955617263336184 1.7593304524906197 17.71483361867023 -34.55328364988443 41.18483518872404
-66.19329968823489 -16.028095143303187 -3.0028547307789637 2.927629569023636 -15.16824316566933 -48.18557282936134 166.85461211624525
11.354015141534113 -5.647364502145801 -1.994065934937635 -0.2862233877014867 -32.95565530974809 -16.36558569849071 43.55183367974607
738.692335254552 -20.39531833503245 -3.113685427053099 2.7474858363240915 12.754996187455614 0.011880681651275 96.24376707940728
62.77524450103427 -5.412808358275881 -2.026757140195884 -0.321714567491397 -33.072005850489546 -11.758383462638424 56.77255639702795
-46.060833274688925 -17.332748276233957 -3.272348904469034 0.766484098075167 -13.754820105938071 -16.89874990868465 27.30994358344784
247.41564687868916 -16.94062970589015 -2.9791975328745828 1.321343608662282 -50.84982460815497 -4.1941301017545305 50.64629564333357
-35.46416719982019 -16.638564487165414 -3.115745121719339 3.114193751993377 -55.54998395528715 -40.29775640589129 130.91082852628807
-46.7680596777441 -16.668642480793935 -3.136430758741092 3.1600953157647016 -47.52956043738236 -40.15366685437328 126.68718768292548
-13.800045787721396 -6.626540619716518 -2.0000440912986632 -0.1203268902122175 -7.377425019325617 -9.235415842329097 -10.7676919082891
-18.089085630724306 -15.767623575860666 -3.121744218757501 2.8871765944396044 -56.404736142239386 -27.596145429503288 102.51935687574873
-59.37777443515879 -17.43305516501906 -3.320976783522385 1.3106973374277786 4.380277581701531 -13.86116831914286 20.629129100884896
-34.06230799547844 -17.195215791807787 -3.0574791876400056 1.0870131306430288 -55.63302040143212 -18.06584184452994 84.76422406102726
28.051209301727933 -5.430442775320587 -1.848002686209553 -0.3707833304366864 -16.143696883599976 -2.8421313417985887 -8.303639309942584
34.99806222706892 -16.096950871811927 -3.352980852086837 0.9594396451828476 19.872220397597093 -11.93117068361297 -16.74477607950199
70.90608623462684 -14.910823389018809 -3.3554579126345736 1.25843010227456 45.09059514397723 -15.183047870656008 -15.869262598094007
-77.60146170760518 -17.315123160805722 -3.1413680362131173 1.5798662898376397 21.451338288485896 -18.71608355613669 73.68888305489826
-30.3105850214152 -6.185548430071679 -1.867601170848417 1.7444663966962364 4.430286050192678 -38.92827496389636 63.29051542554383
39.88903542952948 -3.4789219102380717 -1.5298701042540088 -0.3937126432744394 -25.275527021056803 -1.6911904487046874 -0.1992513306639534
-46.80842627184917 -6.440924564940457 -1.759468410160677 1.2829873515385848 4.012266920846661 -26.88364817652046 38.64812227254091
9.02239925663304 -5.729242103408232 -2.041960399012456 -0.2801646235584569 -21.49004853486625 -15.053836719279143 25.316923102795133
-48.6576476795352 -16.19124803984914 -3.1444176976644527 3.1436347238439293 -45.23367600381733 -35.27534960205169 119.68277555466966
-17.45891282723366 -6.7081953375157655 -2.0006325223345445 -0.1590647798255427 -13.404907910388529 -16.584446515068503 -0.0654192104397273
-0.7633902025439726 -16.44964282229028 -3.313949685056086 0.6477600656774818 -20.707252591702023 -13.313561160473556 6.426696287659148
65.43034397964999 -3.960390182349204 -1.9036168689825832 1.5852283488862784 -20.29958450264868 -39.92933058426924 75.35138865508708
-46.70411047633649 -16.251773700404044 -3.118173766277231 2.815363288865015 -37.632477718287646 -17.709796897043496 96.55109926113396
-33.95881720148341 -16.88972453418362 -3.16765745711196 0.7929255993923924 -41.21138574375837 -18.06918498957678 78.28968297363176
-56.88637748892254 -17.08991704469544 -3.005837366557165 3.168055353394758 -22.89651910431737 -47.678752040263205 140.10809012497694
-21.956640070139414 -6.756375084710373 -2.0165130136480487 -0.0684527381452413 -8.60764989132311 -10.26216030161636 -0.3599036516230873
-81.12553246048797 -13.642030463741776 -2.904407972946077 2.956183434396464 14.86401626558467 -46.08641205446226 239.31755135644207
-39.0799287126383 -15.9735779080032 -3.2635822815120794 0.7585173136033305 -2.375198127196825 -15.002852352632324 -1.1651055928877128
-60.17876967575677 -15.907177931246531 -3.07522733622778 2.931185058402244 -16.198345405775274 -45.0309811631808 133.64910651013946
77.49829420459263 -4.559106694768794 -1.9549700330281572 1.5038491953287283 -15.441299992182056 -31.36908127043207 40.9449992635231
-23.620493144904 -16.321123170574584 -3.321600426903385 0.8323454109675822 4.515505058019382 -13.546578370236986 -9.220596655652042
-66.17090036232048 -16.396208838665554 -3.040890430106927 2.9683373332374825 -12.623106163266073 -50.2509678392875 151.30186254965335
-36.19480249127306 -16.96651942023894 -3.2417914692966328 0.7907092508120591 -27.523855662459543 -17.14346812611198 42.1236231462552
-75.54401304173294 -15.009457598144644 -2.6930530181918364 2.7249890736775115 14.06785260098952 -53.34304269309249 122.83333265129392
1.205836374891447 -6.359897274855495 -2.0174270304868536 0.2492348269797151 24.229185601492905 -4.477114687822831 -23.057461712639636
364.66067953077646 -16.279723018248365 -1.6670170034676008 -0.2244970212169903 -45.54095141662668 -7.31595894647621 97.21671008899236
13.320748966896293 -5.659015940371698 -1.9740762343878413 -0.2335567170989634 4.011261296847167 -6.483271415011781 -23.62548227677013
-0.0424646182902925 -6.449545610781295 -1.9353593903308812 0.0346701645336986 13.097429705070384 -8.401641086383052 -23.060156173854423
-66.29412215943479 -15.907913919198036 -2.9857382355484625 2.587377231057327 -25.23305937524549 -26.99504795008484 164.27362356698978
-62.585637896077166 -16.561603557986935 -3.171595127013125 0.9203967512037308 -9.5140887293434 -15.607292977097597 66.4727625249981
-67.42164987576095 -16.89497662387517 -3.1112415163977567 2.956928902054485 9.14372396491204 -45.88682629516706 83.41939419998589
-43.37735539545798 -16.21266080826381 -3.263888874871361 0.7576730611747869 -6.69536818593533 -14.838035301824029 3.714820900258845
-73.85834350299673 -16.2062747876013 -3.213772413184613 3.3756156091857363 47.59427893568966 -39.078845721820265 66.1108309389692
-30.04224163764414 -16.317339812035026 -3.204967068241146 0.6126313197417161 -41.98871242409701 -13.38376720645678 57.13381814640976
29.50584024866478 -4.53107973504062 -1.777414237748638 -0.2859494342366694 -3.655815574830631 5.338044520698783 -22.88052855101272
-34.22615524312372 -7.213641077051496 -2.1781282728747717 0.4500371665413237 4.1928572644039726 -7.764557881305986 -13.217919170795504
25.61566779078752 -5.958216583817674 -1.3971396097417994 -0.4282333914876326 -35.223745279733464 -3.5527210355488275 35.043318115532095
-75.85088141115922 -15.003872694471212 -3.068804314860712 3.222140826328011 3.201941988163121 -39.75716985182028 167.26841641827158
-10.935594886342486 -5.851309671498448 -1.7655388284056677 -0.3240839728119999 -21.95422699937602 -19.710798438382955 44.042152670489926
-70.74509121094957 -16.30508679500661 -3.086148055873588 2.962382078611552 13.77411089340157 -44.38675711265837 104.6378134292884
8.34616234148869 -5.9645477090610415 -2.044704592449101 -0.2848239795801906 -21.5840775532522 -7.55330257924144 20.267002630764136
-45.778711151439445 -6.343378872409164 -1.8101590050204148 1.4598293853040265 15.273312055453877 -30.29763418594731 47.73942725074646
52.32303027437893 -5.061558736441088 -1.49731640239788 -0.5018278379551074 -40.78039174184387 -2.503726400823876 36.35028235606393
-56.00966776168426 -16.423085713783916 -3.213376113601099 0.8959928896822198 -7.140729809048513 -15.0593515039236 35.76235335567988
30.940381813330955 -4.82249694270277 -2.0111064477776406 -0.3809904174601271 -20.346291001171885 -17.50378330928847 17.512339052207146
53.308776791463295 -5.425276687110217 -2.0016929086398254 0.6656189986674461 -10.766798700438816 -30.441248954681328 38.22784236892989
36.31810845542862 -16.260132040826164 -3.3030075555206104 0.3746350527172829 -15.697759341893528 -17.48981795296267 -7.831504588965943
-26.09969465643117 -6.814082359759091 -1.9286805297191885 0.0884978916637679 -6.457272348125522 -15.684730330098091 5.130151119885673
-24.36599674529081 -16.3613501169112 -3.1500944622024245 3.120059047491285 -60.85907788858415 -30.30509586094255 112.47936287751467
-40.65878128442632 -15.822917788616513 -3.1046035664201703 3.0090072886097525 -56.33139051590285 -31.42270925009492 127.7844657297918
-51.3694625900512 -16.976314143803005 -3.226066242770367 0.8919574576231539 -10.605072944900588 -16.68579156920217 50.29944096013824
-12.664933418564845 -6.061610180777099 -1.9242379231959832 1.4296635671354023 33.24192495534489 -23.688118435027103 5.421213232022781
-50.3180595889959 -6.512105584413813 -1.8159479880382257 1.9284304085171653 13.707426624404553 -41.52871364959324 71.59605646831696
-48.17911868131485 -17.109226875070412 -3.317056155754904 1.014647444950287 -3.817413147959517 -14.335894915791489 6.832824227932162
-40.917137567157305 -16.76257375781283 -3.2984402607660805 0.9553037573998366 9.114440524408408 -14.33823511732426 -4.828958370902354
266.9283845999857 -5.014729574920534 -2.04481354449381 -0.3766638314734756 -38.07110663543313 -6.433107383115963 68.28869443602088
-7.482632292289826 -16.30436741958072 -3.1442001030303905 3.118857218292592 -57.83175160383275 -30.42778928416089 103.74203894915772
-75.22395395029478 -14.756334070611947 -3.030258303151644 3.032857642395796 -0.3877545593807781 -42.82082797272728 187.1111439190027
-75.672098691687 -17.451866728261063 -3.125916226773977 1.3712132601945926 14.33749697465749 -14.039023635633765 64.9205513966499
-9.305469312128483 -17.43533642801297 -3.292042869833359 0.5942281080392753 -32.319643099748355 -14.13798072901968 12.089990874503732
102.5214654061228 -1.9620284211582155 -1.7696892899169032 -0.547221336572737 -41.01445902660152 -5.3822922794915495 29.48159450764864
-16.134575755334755 -6.505416196291852 -1.808610970919936 -0.2563929018872607 -16.17149341351843 -7.766095166154399 2.3732045289931265
-70.87501742426166 -15.33042083585906 -3.1580101024301808 3.180590521208087 3.1405298438060543 -34.26103939484616 123.14749143738273
4.433037978826719 -6.506668915105455 -1.8526469891398476 -0.0171350215416291 12.882659778544369 -7.338284974784695 -23.73741653092425
16.06117204713111 -6.076124609412282 -2.06296074229668 -0.0337467048007077 12.634655500748556 -8.241237548909668 -23.93902907622447
634.1508843361821 -20.358061936207864 -3.088149711276021 2.9595410992910387 22.496385470654936 -1.8646266331294936 95.06962689676264
-36.63361354852948 -17.175816615235338 -3.331913144693312 1.205087045956713 12.586167953832822 -13.155430399758906 -8.677393704297383
-0.8370939120446295 -15.544654202003578 -3.067520465963599 2.6789288094976853 -55.48752565041085 -27.00674895774872 86.87622264099952
54.18811549779274 -6.0178520454532105 -2.0611160318325426 1.178941665481685 35.55208871119282 -23.355377175072885 -3.750303504404642
52.82342356527002 -3.073690802180567 -2.0136046870828896 -0.4159411254930706 -15.16090590733111 -6.850197035411133 -8.36959228435531
11.09454682965861 -16.58181281111757 -3.316095149757165 0.5898556414705531 -10.811978824460462 -12.811086459936316 -9.027950240090252
-21.824101078999664 -6.828445780376399 -1.746825171636076 -0.1317104336760463 -5.046141780877432 -13.758674234484742 -7.807746870828272
-23.136568216851924 -5.8289472763684165 -1.9407982030710464 0.9091253866198664 -2.383083996909014 -30.42992159264031 43.77928624894979
-48.872763204949344 -16.15851171881962 -3.079253259254536 2.846577460881112 -27.83405897324241 -46.18470051883883 114.6764856826238
87.47865511408878 -4.967642580038448 -2.2657622320081976 2.0927613545782155 -32.45487477183813 -45.68431823378974 125.44650672993204
-35.04141345031356 -17.033453058751736 -3.3032473463248224 0.7632100100523168 -25.659691558361253 -13.28748462910834 8.832839665787313
-67.53743274221878 -15.67217204196714 -2.8958015128152588 0.8829639653344685 -5.950393954508215 -13.1708088669743 87.39483540276868
-26.046717810507115 -6.703813635258971 -1.7923976643989434 -0.219541763919643 -22.82281291605653 -9.690330792868314 43.89755359435704
-45.55990016275009 -17.24620097811268 -3.003152271508547 2.775463452232912 -7.250692069375663 -43.493468756147706 81.27722855719999
-80.36760878961351 -15.02385694692996 -3.0306157996613217 3.126210251733156 17.105291711871832 -43.0264313931068 223.06716445538217
58.363778514572765 -4.717454411328196 -2.064129412636296 -0.6211414448562494 -15.876524038842057 -8.304751686068101 -8.459684070011111
14.693766684057218 -6.181859003465935 -2.268068144282298 2.353249835205245 52.06661126868083 -32.61452472683939 29.78122200396228
-77.07594439928009 -15.967133197779583 -3.0204644959907143 3.158440411837926 9.985385122662764 -54.07251694230889 170.18382148942845
-46.16276541186557 -15.474037837096816 -3.1385138142681246 2.8709001103496314 -19.458924323578547 -29.72439156630972 85.61070189732207
-53.188115924779424 -8.192748042773493 -1.776907055018422 0.5340593521220697 -1.7139525480616666 -23.3147200363186 84.52538481453811
13.89690891104164 -15.827683292595191 -3.260099711676991 0.3617249736461808 -25.61774337908264 -14.441538299271048 2.996991651876052
-72.55352045727544 -17.51945436017651 -3.195854417299515 1.5212959165985211 13.65606837135662 -15.145604646131606 49.63974774913121
-42.7593921239797 -17.289055852326552 -3.320447012924264 0.9748758597727708 -22.619233920832052 -15.222496982208478 13.103942685429612
-71.22943308511262 -15.64701459207634 -2.9184671963449467 1.0860467241895977 3.2411078848365693 -16.46882145566344 56.15749128590767
-26.602149511717503 -17.259667999448222 -3.0950300068713745 1.0686277855585486 -54.7846119124516 -18.6582471468267 77.5884356244082
39.86133345414043 -15.423028762957406 -1.807220368487286 -0.2868248647359536 -43.58331010755289 -13.474032122720958 40.144876683101046
-65.52054943506774 -15.552882982179868 -2.837862286166357 0.9074451510036056 -1.27393166465543 -16.637984595032606 60.00840764750956
-66.48204834303056 -16.144592973768948 -3.1317430487821345 3.162026438587592 -16.2534641130916 -36.92385442463925 125.38320332396852
-49.70882601185619 -17.50196373939005 -3.297251309157627 1.1898315261575696 17.55688675040436 -14.218216210143368 -2.6847240483357844
-50.634578690387166 -17.320859151204726 -3.1814523689302003 1.075456487662155 -29.75626544269268 -16.305341662873893 95.49018153301994
2.358308063611687 -16.848258316580953 -3.3418427877249512 0.7475977927988552 -17.804130695462337 -13.721424856185749 -5.222220569059665
-29.894966291276237 -16.216444089970466 -2.8472647594838105 2.6745984657044146 5.003214386229379 -26.570802843643254 36.03651702307147
30.97726717656961 -5.631031803627892 -1.375012218276856 -0.4163197964959676 -35.49110264065942 -1.333569447124716 27.27050994448034
-7.998284297277569 -5.413035476755279 -1.4621030293417558 -0.3052368402066726 -30.84980986937358 -8.608972266597679 51.45325940206903
-17.500737906513525 -6.126617100232028 -1.777086836442483 -0.2500993509868419 -30.77809787471851 -15.166098968078282 63.16271802466817
-3.3806790260400583 -6.278197963678315 -1.9840398704733904 0.5089312004645619 -7.518267052056482 -24.712435602448448 26.39592112650561
-9.809246809895912 -6.062959486388728 -1.9533942094529948 1.670837820925613 11.289275815178714 -31.289789736145103 25.64258255316912
6.616623311491241 -5.760209271438048 -2.0031894879243675 -0.3500487347309399 -11.00139294102437 -4.823812876006119 -15.04016290433982
-37.767501853205104 -15.900930724559352 -3.0658593242795447 2.848213808615114 -40.21221910663765 -41.77576083109095 114.9870001989195
29.302562792596703 -5.988354463441479 -1.934225147937636 1.5621783136852092 -7.0894128764671525 -32.633498058258056 30.54200004454408
4.340007237556008 -5.994797494687279 -1.938634749959374 1.7293459373300153 -6.385285429459155 -37.88110079807085 59.58123263606962
-55.90931099614554 -16.61508340404688 -3.096445036143917 2.9092681918750105 -10.363022484801553 -42.03318299969619 93.86703001611504
-85.96297473439711 -14.874174904727974 -2.84625264362998 3.48590406910146 51.68885271763271 -56.03494308479296 245.5689069437165
-38.970590136092135 -6.159955944597484 -1.8732556371786853 1.0706354934041893 -0.3431053140759885 -26.570527525815837 35.90332310496282
-72.24855457130657 -15.997598782550437 -3.0695827553947743 2.9379485304400488 6.751593823564632 -49.384758957656096 134.6774171802357
-25.642568854698457 -5.874045848261271 -1.9374006621130413 1.6839134890098824 21.859869793263268 -27.490066594358005 14.420313058737232
6.417767291244121 -16.36560817128814 -3.317628546813752 0.5736180933987122 -5.286107994432963 -13.28447579856622 -10.307797136385236
-32.93183096629596 -7.35199451165333 -1.7392896552596273 -0.0913043882031519 -16.33999701742901 -19.40576876056475 25.219957333494985
-53.80195434817004 -16.812385412207174 -3.27588930993045 0.9481160308448778 -0.4924984277635712 -15.189399846244944 25.393444055260204
-3.990520932339397 -5.97845785275485 -2.0136644063021065 -0.2825888159674189 -18.31754901194673 -13.14234437486136 5.364703187556161
-67.93886922382673 -17.338040461421347 -3.21334407544918 1.3050281347112054 14.730988477900178 -13.177495157067924 20.87988603545308
-2.216263798886614 -5.994748222460721 -1.9182020067815708 1.761170814743783 -5.709070605908294 -41.91748489678591 70.13578724779795
46.67555551751492 -5.307301705365181 -1.436384160458358 -0.4369862963576912 -35.566563150561244 0.3159776500950808 18.648832165374863
19.097482135487592 -5.32729166203439 -1.452119744017753 -0.3077181914982741 -40.75628317713594 -6.765848643070166 65.81524032854853
-75.46010571555765 -15.412973914440556 -3.115016871808623 3.2329546258111845 10.353615031528388 -43.784991004230505 140.72621495749118
-61.33068561914515 -8.543386912897292 -2.1789707776779825 0.916387455640533 20.714785633780256 -7.0376244223251545 10.291112659790477
-49.48073581853644 -16.85513182733243 -3.000426311770095 2.895366902024132 -31.419884810780676 -45.56153828211136 131.54751323151288
-65.36655817705206 -17.767770283013537 -3.2109251414540605 1.2642300846068983 -7.169724580444472 -17.95551805798486 90.70537265581352
89.43080856223655 -14.7567344636427 -1.8738954548652016 -0.2618862999724655 -0.992877750504992 -9.01962566233635 -1.7047889715631277
-50.73033546479977 -16.412672290393502 -3.1308492691087744 3.180127410365348 -44.12812512815967 -43.05016772293925 129.07710467739255
-40.35239606862802 -16.11227795765289 -3.1329034425414464 2.8524673652783576 -46.70125680659862 -31.61928617884799 93.50042550122885
-61.24764906729337 -16.65774903651672 -3.220710056093246 0.9734037732826004 -5.198204497033875 -14.73907820843811 40.785048648429054
-70.03153484419225 -15.29582758341063 -3.0498182855315967 2.835471670789345 -19.608688382937224 -39.81834940617711 177.68062899347464
-14.097733181543653 -6.380914263065314 -1.865583518903676 1.6778098941505164 -0.6604665565364506 -37.949267244639 52.241479416586856
10.770152365873964 -3.959224786417253 -1.6454756300277815 -0.2184848695340718 -31.2897420169359 -7.441040330442303 21.254562383001904
68.20798456681015 -2.3676613086653693 -2.0031906553256653 -0.365609916290781 -30.11568225568703 -1.1729636353291977 3.9893492525672976
-55.694812974252784 -15.910626506942457 -3.093602397918485 2.8637822302416627 -39.59262522817462 -35.25127895771461 118.59912923905522
28.2586213398466 -5.4138396658836845 -2.054714168999449 -0.4304581025387066 -18.427641856999248 -16.063590135504935 -5.240689680178866
-34.72197034035796 -6.705776437893853 -1.7643485929341445 -0.0482125022014807 -26.061741742270844 -18.81249817366766 96.19648499092662
-8.830569945641637 -17.750131973100256 -3.281571871824697 0.5577814335210227 -36.324072091267965 -11.876677419349775 17.067388282125123
-80.6702861870324 -17.328712064719898 -3.056317930049287 1.7354901299775505 28.857496999918503 -20.85736795862572 129.25617113323136
-43.71506148763629 -17.092928832550506 -3.168066188240854 0.8063037360204384 -35.834830290490906 -18.01335446729486 82.87108154260791
-58.555486561589895 -15.651893675091102 -3.056949844349132 2.9596684121351697 -46.61316343947892 -35.89450006472303 173.69587288142546
-81.06626422688562 -15.080917792070167 -3.0541160147452024 3.258329787082137 24.90395388851043 -49.44426693948956 189.36826722530128
-48.5018948100662 -16.576166353851534 -3.1029462870257247 3.079332248398825 -46.52560443703701 -45.14765692531488 141.0281194663124
329.13104946411096 -4.5092843942852445 -1.985456963497236 1.728219871292469 -48.0209419682658 -25.42100255297705 80.19656421780314
-43.18300909154283 -16.771991131030727 -3.120621876960828 3.1358556199029364 -50.55327146838861 -41.07336605675383 132.66341358561806
-33.62734281194807 -17.247737346052286 -3.0912743604956723 0.8758540851283513 -38.01057166609277 -19.460267643559103 67.93095991632978
-46.62287321884347 -5.879132467431006 -1.8576477984010056 1.7669450840736671 24.112988558177115 -30.85712496104357 40.57931075173821
-58.04946943618023 -17.742998061728237 -3.3030115492247774 1.2398245966840329 20.88009670638872 -15.603615517546096 9.448990811860575
-41.44535739153244 -15.619673268309654 -2.928790233988885 2.8713374113793515 -55.60305062097546 -42.07263211124867 189.75786766136147
-5.630376008797493 -6.279038925561984 -2.001949276870318 -0.282437923953153 -22.03082098128673 -11.66189861096782 32.51358933990825
3.243324877024898 -14.645104776740496 -2.9934092807133705 0.292297747226344 -6.3544114570003405 -11.700827989886989 -10.416317998564386
-54.077250990008245 -16.02379579538623 -3.1153909552874754 2.923398607379684 -33.72888452069219 -33.23201934943457 103.41627686515324
-10.052922062369658 -6.709769287432599 -1.8585291938422277 -0.1080961163803994 -10.605515860678883 -4.311047469328951 -9.21045567093799
-37.9129825443221 -16.595768386667164 -3.125677763612561 3.079426830373639 -53.09295281898726 -39.51345457790701 125.79913622379192
-58.70773078245289 -16.37862455132859 -3.145246006495813 3.2816060932118782 -36.96153735228896 -37.692109156398814 137.31871055228845
-62.36890926194345 -16.31672252826726 -3.09909208362118 2.907415336024525 0.7065004149643567 -44.43824154637941 84.17142639460833
-52.165570412814326 -17.07973605056647 -3.1629655884793544 3.276209756856455 1.444965502508354 -35.90854127391967 56.61847105764082
504.65165199124425 -20.18682796037169 -3.187922900829417 3.0169486489890067 -6.598667833141568 -6.71619872507649 115.1183870902887
-70.11353286736937 -14.781423874060232 -3.0709194429180595 2.950823028822452 -8.54002460059522 -36.73931281805474 144.77416742503252
-25.84099720222582 -7.189887824238672 -2.0040499401430893 -0.0930805367209043 -12.296875768790704 -11.291736601413875 8.729965512653688
-41.31841701685184 -6.453768743429362 -1.836859914870716 1.8199462781973352 8.46035773205831 -40.38545918074142 69.60506920098746
10018.012519320318 -35.544456108637625 -1.0820197638886426 81.95412491138656 100.0 63.64119059162972 518.8658828221489
-58.13525437048373 -15.941517519481025 -2.9596143902478835 0.7810028251484482 -15.970245048135556 -18.584363641291933 49.62952082816662
-80.23297254425391 -16.042635557589414 -3.1007718909081032 3.267850856189466 34.60035049616441 -53.179228585798256 119.74771590266168
34.783381268409634 -15.794490851599562 -3.275034831710887 0.3657803007262899 -16.414923025422887 -14.195148509320324 -8.341193437914136
-50.10234667568927 -16.471099414877752 -3.25256808830906 0.8120204449030524 -6.917844663399743 -14.08047863421434 13.28880806973963
297.0517859439465 -5.720358941930996 -2.023742474947744 -0.3122797331468287 -40.13726520937943 -8.188241676503596 78.61258108969923
12.600639523597929 -4.276419693192859 -1.7555843074849993 -0.2644687108046846 -24.41343240203259 -2.3947005411793163 7.457017612646727
-41.63349803460416 -6.335549816825299 -1.9149712528747405 1.025326439075106 6.242077948794012 -24.423790144725256 32.91279697382928
8.028821394613502 -5.967734471280963 -1.5586035753254055 -0.2771729489801348 -37.6271175628828 -5.644237526689562 47.409528506400505
-75.91115903256441 -16.242911317507815 -3.1233584627984627 3.1792022396649786 20.716112601855556 -49.37740403855312 106.83235637526155
74.13368703526103 -2.4615505710902226 -2.0237080689327254 -0.3806717669994695 -35.307136647171035 -2.9015999925138143 15.480847090868618
-35.21389913602088 -6.109488813418096 -1.9003392590866848 1.8039766473633367 8.847835771394044 -38.63477492244133 53.84401290569055
-33.90995074255523 -15.465698912994403 -3.0916786097546463 2.797478461232042 -57.096991780382965 -31.411342556935708 107.25321068281276
-81.26864216570074 -15.457934556211654 -2.6866529366726746 1.745466105988611 13.786780976265046 -27.965562957177053 165.28898545002
-20.23276505466302 -16.461363994754223 -3.1307017083483597 3.056791599344712 -60.4902732031323 -37.83151830485124 118.00245950272812
-14.841300216093982 -16.580686349511065 -3.11824677033074 2.7781472449535483 -29.57287832218881 -32.71884658474748 50.11421644541481
-30.659727030430258 -7.082937948282855 -1.8513027113599947 -0.0902535627981238 -12.520350243729316 -16.613776291781786 12.393805634173845
-51.97252463290683 -16.829421136550234 -3.042653652178769 3.0050617284569485 -29.838204319070957 -46.18236031730607 127.5443765933508
-65.75740094450418 -16.384525927626115 -3.101957347979248 2.929568112529476 -6.115773175285756 -47.10072226166785 119.94079012095078
-47.03022770176375 -15.993229491945414 -3.142844475625272 2.9761299518779816 -28.36986898400155 -31.83659060689138 90.41187386543564
-46.90245456991644 -17.030095815900395 -3.225192411688693 0.8760105520268681 -31.51178436135056 -15.885442644993145 62.54954303553048
-67.91442176203007 -15.15287106201823 -3.0415615858866616 3.0937554478219744 -30.09555675933995 -40.65413566788244 187.77386981254904
-58.3806246337954 -16.94199086422118 -3.156298575468091 3.50612505157104 41.80103973951039 -33.0511552024015 66.71366233508118
62.422152635529095 -5.102232297006396 -1.6981123415198212 -0.5614974469732329 -35.39757053889823 -3.475856793127779 14.61598526655485
-24.96920153027276 -16.56748445098197 -3.309229649544001 0.7350796936807271 -10.079151352724072 -13.24034628394816 -1.0401363951724356
-70.9155034294746 -15.850425591052016 -3.0541806288229485 2.4721006897031863 32.072442349058065 -22.870944220326123 84.88956822567584
-72.26129716896412 -16.867892144448373 -3.029250173157904 3.046874221186987 17.05768330378331 -50.222885420894194 109.12933745412568
3.628505177125247 -6.60582153548635 -1.9623902525147 1.6301411463830848 6.017759183595412 -28.78462225618591 21.498342598916647
-6.057535898279831 -6.0608006426195535 -1.7499271277288806 -0.3442739662929557 -21.24146422472792 -9.932453156494573 24.697757796154832
3.618245967788879 -15.062747381598928 -3.1318592419226268 0.5361690553789288 -12.249559416397176 -16.70685338299712 2.313184141992597
-12.349160428834525 -16.201779864168415 -3.1819588434682857 2.832183771443772 -40.62116209202852 -28.92170244056794 53.229864400825626
-59.51110064229213 -15.498244156375344 -3.124203204296922 2.8794451871314486 -27.06976692209747 -33.94076609936067 108.51940932654227
-61.57752852825215 -16.529851553990113 -3.194635036027549 1.0235818938704946 1.9919497813605875 -15.148279162169054 34.09262782871983
-38.24307202756409 -15.333735422018242 -3.111538988368332 2.871444504418784 -51.831869183415456 -31.08304571333785 116.47687157669928
-66.34057267228665 -17.167523441874412 -3.231063054214003 1.1441209130859804 8.648171767342452 -14.158373913805274 26.38763585815318
78.54659777740498 -4.801046179160229 -2.311500249532139 2.129158465749929 -28.848384050967574 -42.2297559953375 103.05130291980078
-80.755065358005 -17.692757827999348 -3.053781446792254 1.966124689291516 31.97943599802334 -18.952109596442277 100.66004081036664
-82.10268254169061 -14.970590443928025 -2.6437345702278656 2.047301476570277 15.43862943749378 -32.128781483983545 209.83563177632732
-1.2059044797125982 -6.406382564798797 -1.9026225629709508 1.650030262914499 -2.419392940433507 -34.03869777430781 35.285868015480375
-2.708497242208549 -4.623313903767494 -2.2968764378532307 2.296659262694136 36.34288160160995 -30.55492712373562 33.7917549102389
-71.02075241598185 -15.115991809230389 -3.10168426150639 3.151841248768016 -12.241660500358076 -36.5490878648906 151.75906081421567
202.60625505132165 -4.656522501693048 -2.046692700217195 -0.144848629729994 -34.79142567573557 -23.13004358018597 94.61041942579422
-29.805895821085 -16.047930308291978 -3.062716076049878 2.8357704501495875 -46.03701611669398 -40.34155160600461 119.72510921975754
280.60871248977594 -5.735198445334984 -2.0473644798061463 -0.3421384920685365 -38.04257911529263 -7.709660630271589 70.42698034584424
-51.1975974442711 -16.25812242289926 -3.086850295440353 3.1710418424257982 -49.34066485402348 -38.56634158614258 155.8545321477669
-85.08045601624161 -14.668403293709114 -2.929709186654176 3.6262311958846025 58.55443594889847 -46.74233711264861 221.46306155232983
1730.0142509839975 -25.707935297536466 -3.14067727262857 2.866352393346823 -23.974357568974145 3.1882027906361508 223.3646839010544
-4.884993828695065 -15.63558377559516 -3.104452391731083 2.813083275923857 -50.81217038185303 -34.43354567926212 88.89988018272356
-56.37255584554912 -16.232283743670312 -3.003351524736145 2.988898819222693 -44.459421379342 -41.2345056480106 185.27565888664225
-20.465153366914397 -6.266038711485746 -1.923830060769132 1.7503268192984174 6.182394949869052 -34.45093284287116 33.72051948996321
-24.53491385111613 -6.856919263968209 -1.9678686904627316 -0.0949424250815966 -9.0115081122183 -15.194215098858614 0.9560549061313726
-25.69108072394628 -15.9743606672424 -3.138575319922045 3.126781068734401 -60.23936794182016 -32.64462876470808 118.80817072769152
44.21599342511856 -4.731119820146695 -2.047985377961098 -0.5360191608636569 -34.44274609702344 -10.076877022517248 12.328216529926031
-26.28614160301285 -7.3102761149841315 -1.8672644045637576 -0.1070704891224221 -9.7685729430868 -10.31758346588838 -2.249132269086207
-1.6885573514968897 -6.406902732164904 -1.442662992102368 -0.1791548417702466 -20.04829397956546 3.9830088365448457 8.095603526466643
2.165206271355723 -5.503125331097766 -1.4117196863816552 -0.4803643985506118 -27.30372210087715 -7.833452515433893 22.159373342939983
-67.01828258496853 -15.585524579695706 -3.064273572483451 3.101647954607525 -28.96366509260291 -41.00048549473313 176.66695097250636
486.29627679161234 -20.01840907675436 -3.176075625914457 2.7687109418118707 -37.01630374726259 -6.10172866547074 127.18894700833336
18.55584758654305 -5.29834528988389 -2.0483528352861886 -0.3377618763602025 -15.418015437644057 -16.1309474847844 0.2544087954353788
-16.902162073557836 -15.6058343436886 -2.6834894835962424 2.454034815787669 -19.431745217270823 -38.06353257110063 76.82765987749981
670.2769417535802 -20.638281323286545 -3.1308523238543278 2.5264732854956624 -40.70900852692959 -11.049249020261506 153.24236680187653
-74.40416475583967 -17.224006853286895 -2.8346135208755068 2.0812248328672127 19.18526962846532 -23.17349884706345 73.57572179697387
-17.844970852480945 -6.54923248482482 -1.4922460462733422 -0.0418685418280703 -26.488193906265828 -3.954437839359799 34.58674669538401
-30.546383122423265 -6.22111918212278 -1.2305302151891555 -0.0928235487523752 -29.050473356302355 -9.042648413310026 81.45655801858778
29.062277550433503 -5.226827688745028 -2.0393314155147126 -0.5007273858184053 -11.400193292952736 -9.592632295264734 -15.675748976549263
-56.90515614305559 -16.982323497736523 -3.206641325035907 0.9261454635214392 -10.996946425995228 -16.62661790187341 67.32497376014764
-9.114706520843718 -6.5105044676899935 -1.9494743350885528 -0.2706143214752193 -15.9721040669046 -8.492057708388838 -0.3166724975437449
-38.57380394000098 -15.893913778202682 -3.063804242321408 2.800102504345648 -37.93409453642983 -41.96197401019891 105.28848974593242
-5.232090372856376 -6.474359619493629 -2.009368658146946 -0.0876056251583764 -19.014071388911805 -16.426470269461067 46.87928326994244
-75.53069605233972 -15.09599285453165 -3.0288934325888497 3.216590330897474 1.109316204214303 -45.51841171100735 194.83405907696115
26.7929712428577 -6.124640785934354 -1.978812097446256 1.6080582082631485 4.707450993265503 -26.562841101573717 14.475902079156809
17.773450733582724 -16.60195107161709 -3.3250048088605118 0.5854672455856772 -25.674168031448687 -15.875078895347986 -0.5126769992726237
-81.00289429647175 -14.621791784277406 -2.990794892995537 3.0472003524708304 21.535872271875945 -55.87681232407829 171.07862454804
33.993885634401245 -16.70877855157094 -3.34491449648267 0.5580013341663494 -13.452231326190551 -17.45204041393357 -9.608125666830702
60.309971667145554 -3.0910245857289547 -2.0666599850673397 -0.3350667783229237 -36.191863810396754 -8.909349635006182 35.83056898057232
-59.25458358665727 -15.930042940663135 -3.09653423795452 2.9406594853209347 -17.555232338105696 -43.34503311606886 120.24158271179893
-2.2968261383109216 -6.608542673309079 -2.0190320740545764 -0.0741226878164769 -15.974748460040145 -17.205226409779428 42.55364120925431
-17.147206773337235 -15.631926553939564 -3.046983471728764 2.752994702571205 -46.722158198968735 -39.31921785068669 105.3452307138364
46.44357930255401 -6.248753105185787 -2.0370873325826016 1.145911919865669 22.405400514762324 -30.0476231237568 9.34944752463576
-65.24269156388907 -17.267155797128126 -3.187158890725 1.1448927510292464 -4.894023576426114 -12.597125176939755 46.317194829265134
-8.690426552529011 -6.496912773697745 -2.000900830672875 1.293330628109101 28.17291285908949 -27.27140805210237 8.232603207527328
-58.60854946753758 -16.75737280139688 -3.228604498531349 1.0921903709295109 9.800145193447788 -11.432707757131904 6.682055134952514
-66.66884736343631 -17.096264063224112 -3.009962294224915 1.819435821157657 13.786993193991831 -17.17021328648654 38.00930145237586
-32.31277102659885 -6.471297731611319 -2.328641576884239 2.3863852279523443 37.68090527090187 -35.048774829449094 49.995518888059294
-6.054335433703536 -6.265609324674095 -1.9858640824708145 -0.2999969131745404 -18.09562119317706 -16.169379605994934 4.218600082015563
-65.44648083067234 -14.678210868339423 -2.789208551846303 0.8350073547287409 -19.755550867270376 -22.803747004885054 116.9619134823059
-11.740531391874484 -6.024132027533341 -1.982427231435896 1.5380610252418427 16.668939963177905 -26.41700131529593 13.65861421572368
-25.626089835300803 -7.312096167880887 -1.971052545058349 -0.0947866146269478 -11.144960051900096 -10.69077959027471 4.698748419116988
429.59591624370734 -20.125155775059223 -3.101484645996245 2.927607257996644 -44.477669188889706 -9.120922957255017 162.2923445076858
10018.012519320318 -30.57105235856533 -0.562125966203014 69.5439592303743 100.0 61.69207522329005 514.3807159412356
-27.968776135827227 -15.773749269968777 -3.0909626635605254 3.1065765276417303 -65.58791789837699 -32.48716663300278 145.4593519155909
-61.92885459939291 -16.342965638538587 -3.125061790776339 3.208954124808536 -30.718910093603867 -38.81941766618692 134.67338946693482
-71.83946864730086 -15.154494449776877 -3.1108028392094056 3.1970732099304184 -0.1392445980052322 -37.65934633493993 139.39731219356057
-21.427838753360344 -16.19894778860746 -3.1487771949248184 2.807933566789922 -39.2969373007429 -22.723511523761328 88.92790131396009
-26.59270460621965 -6.195913272478385 -1.4031941178855478 -0.0875269886965116 -30.328450040301043 -10.97214317240013 63.96529635115362
-29.48011872310172 -17.307186801504475 -3.091841444327489 1.0241152072016155 -49.22896925406966 -20.05200431684647 65.6895046906804
-49.16905139184106 -16.210820548751055 -3.099196205435232 2.90278536038522 -30.624544621631188 -41.40534035990316 112.81573537683558
-76.3145140050507 -15.00886949606272 -3.1393773049986837 3.0960488188813846 42.18570484029091 -43.62351709846905 94.54870981301036
-19.54740538123181 -6.582178258846898 -1.7046309195493088 -0.2949216805274644 -26.374063291659176 -8.823585322410088 49.29698591511725
-38.3602720392916 -6.00832555187133 -1.887511866481261 1.889733060089092 12.926763641326705 -37.53662762743134 51.85419090183518
-60.09898201160044 -15.385719610386651 -3.0290820406573555 2.768628532046462 -14.290721982019068 -42.94218413792688 113.40370504048582
-50.33076920843163 -16.591212608918273 -3.2614242457857947 0.8947193383010358 3.45121354839004 -13.035077178073312 3.5953450211476383
-62.57223317669985 -15.495751768145668 -2.8552028595143977 0.8675525839858658 -2.838922126513972 -16.106424532588022 50.08671552513603
-56.837481227050205 -16.456367515737625 -3.092892302234466 3.157913335649943 -36.86447143734647 -45.78218585520157 146.34776169973873
-70.90235420048722 -15.46685081714396 -3.084576943248417 3.0263727639483413 -6.15560460971682 -41.0533071864729 154.60469329918638
-19.05320066644329 -16.35536563647877 -3.1432926069979987 3.021349221892072 -37.50831665664169 -28.216633150193346 68.37050852698411
-13.657695479593258 -16.169016332613875 -3.156654348825516 2.9675040150749235 -52.84416576000132 -24.13766187856668 86.86534897552404
#