-55.26622203949324 -8.540845144526893 -1.476644291705406 0.3886494332533496 -2.13378244637706 -14.009494393963898 66.44982600552656
-5.201060893270477 -5.7436762396939445 -1.8840828052414809 1.7363682531190618 -6.081374893226745 -40.36442265123672 90.56730570023603
76.4152876918029 -4.01643198454739 -1.9371491508579943 1.5532775890093238 -20.16344973639783 -38.73611435784377 68.72928509725489
-41.79945510103513 -7.950171530796119 -1.6561226825816888 0.3922975012706869 -1.1901423471800785 -5.633112438970731 4.780780303331635
2.551301768172941 -5.551374831820877 -1.498141309641882 -0.2018746416056382 -28.069690580577056 -3.439649689461033 13.360918781421102
-26.30932129092446 -16.500343476775523 -3.1367553374142783 0.7484002084703484 -22.662416672871807 -15.959994779537263 21.078172228631583
-45.40156549492721 -8.072325541169599 -1.5359187183866168 0.0790317426338364 -11.391576757954171 -11.373050878922456 44.08556525700514
-15.626596468781534 -7.492830949386303 -2.006409127013699 0.4715821214124723 25.08957139618638 -6.981877619137703 -15.82104656835564
-32.08601117148439 -17.156809543316538 -3.1311892574439413 0.928206345059111 -30.937085419030318 -15.786819866111928 31.415728756592983
24.629984710512385 -5.412637032308087 -2.01865400457185 -0.4099726932192409 -10.122324503386537 -6.743598467632491 -16.925647904819165
-11.62739374259904 -5.746718833767692 -1.7993369100071444 0.0709760690031141 -0.1278603110221812 0.9606259148209536 -16.793574889308836
-35.52807937045599 -7.717478457065251 -1.7320530344889609 0.0936229540076367 -0.4238515627934228 -11.509586046380864 -2.755114075640796
97.58570362267156 -4.610556769704915 -1.926406885618808 1.6820919800492564 -25.22400935233655 -37.71220173906672 96.98503210783832
14.60882874525167 -5.395047077999243 -1.53900703219382 -0.3221712387061353 -23.922312110003656 -0.613270585910788 -0.976785335881274
-6.270026088259084 -16.422904851834655 -3.141198234875972 0.8920355907507534 -36.48286942672716 -17.317311668546687 23.19409531307449
6.158765042416128 -5.763249601007466 -2.0451087630556297 0.1955956207518263 18.139414572497248 -8.968818285721406 -22.88936268803775
-47.11021254698826 -6.24949483506204 -1.843732198149387 1.2770257079996266 8.31302204352115 -30.58203188290515 62.63701943563822
-23.87368629363704 -6.624714396699727 -1.4445048773034792 -0.1479707278900524 -28.610456061385243 -11.360307596626336 59.97750398658559
-10.553455271774563 -6.520814940110952 -2.010246243449044 -0.0940171481056711 -8.44960301383674 -7.852870850361312 -8.590786695603281
-30.49343806252971 -7.563703048630338 -1.7284963137882237 0.1398953043621987 3.102201290708521 -7.954817108730262 -9.46118553864428
4.489141496239137 -6.47726630994048 -1.9411911474117527 1.739161139483826 2.152477454734441 -33.99298377749955 35.92265481063504
48.99812965521074 -5.38061315273706 -1.3783208566516905 -0.4419262187665398 -41.097064912412336 -2.817858423139304 47.23524210148205
6.112188714611978 -5.476742689961976 -2.0268621377721985 -0.3401854998044119 -18.32868807814445 -16.393297280626722 2.616351536351921
19.6473399324666 -5.312129909911634 -1.84821993412186 -0.2968827622357477 -35.2277228983229 -7.784097580826706 33.73729831106587
-0.9534432167404582 -5.810758186818876 -1.7201147026700152 -0.3671963133601271 -32.73559859230869 -12.077167794363568 57.43495874981463
-1.0323797934084349 -6.328418757791859 -1.7655638362446469 0.0167943010127669 12.392391758206172 -3.941896831385827 -24.29692680665425
-2.422731924947149 -5.905456448099613 -1.6892180539496615 -0.3475956888853959 -37.71242882721611 -13.841606706570584 82.25455160303133
65.24717050056114 -4.889718975266521 -1.384996549219733 -0.4407156422003465 -40.39571482192087 -0.6375435045700593 41.35871838290032
-3.2959663537038253 -6.4352611320734185 -1.9952488492243188 -0.0999201809969544 -1.5234499804369035 -8.870917513795664 -17.864795461213177
-55.226776028929805 -8.493773864731809 -1.5469088432213849 0.5965949907999601 3.67146831572792 -10.88152427607217 42.01792042751714
642.0634841604083 -20.33899431957205 -3.0970051428795364 2.4846925366182977 -36.59220519205854 -6.123124793770403 125.11521888138095
185.91834767163417 -4.51116120406554 -2.004376205552405 1.6078044648816685 -26.052657132636025 -31.416413461817672 56.983443667395846
-36.02591726051849 -5.863218642234069 -1.855835475710788 1.915210044826356 4.777532526728398 -38.58299269596818 106.0415320193546
-10.193758011508132 -6.820464553920192 -2.003878577498017 -0.1887061110411201 -11.30282353787464 -9.654123689201557 -4.92965775810976
-60.6600947777109 -8.43045754388162 -1.5291179685705327 0.8567478243127358 3.9401922427209657 -18.777504715933883 81.98480283488827
10.970869029842538 -6.001099190852618 -1.9338546233572225 1.6385951441345092 -5.251607535863667 -34.5921203197393 41.82651311222895
7.5103281350695426 -17.668991317933713 -3.0991288793283744 0.9931220631961516 -42.52454752115553 -10.679497178083086 42.77161129887264
16.270187261354707 -5.464164198970583 -1.6007437328251886 -0.2633757553217446 -19.2496095425252 -0.7067213227489882 -7.9862768811629214
-36.21793867824022 -7.353441260492737 -1.5738657099858449 -0.0949044561990581 -20.27389652162635 -18.904128441606424 60.65701325280602
-40.4709293372745 -7.363746651657562 -1.5642871210809135 -0.0398121489984731 -16.064501354325305 -16.327962674568838 42.31250432504241
29.43551377486108 -5.837630139775089 -1.961454785273464 1.642553619427773 -10.088808008538596 -35.0820287280123 45.71759871214185
-5.756801304344333 -6.408957548958344 -2.0278637839761653 0.0655144043139987 5.61208119648156 -7.924071411761838 -17.411894831525633
8.830118207103554 -5.79295547762833 -1.648514196389418 -0.3679166113743258 -31.12199806383975 -6.9203862252008665 14.929317528695709
-12.2737797559197 -6.231594221770475 -1.9146169129816224 1.6956282546032626 -0.3448332575614212 -38.99340729563208 51.48993648652046
117.84930202294964 -4.529226235651488 -2.031822186433439 -0.5334056623690004 -40.84523477204967 -9.690533067190476 61.44498996206237
293.34536377798935 -4.513075546382862 -2.023862497941584 1.5126612332737062 -36.80203759098122 -26.65244862629087 60.23117882121947
84.14837074487097 -3.863454890737657 -1.7343130929477335 -0.4802185852242058 -30.860969505895163 -1.0801197214574805 6.57239268277062
-58.5180330554139 -6.685127702017845 -1.540448647937709 1.989676780365328 14.135098459861013 -45.16904462551776 125.81838028047346
281.71044346999736 -15.36484139980979 -1.8041328656048063 -0.3641638955099495 -45.36298342262877 -10.127209616348216 73.42680620593727
223.44745727613423 -3.971030042728868 -2.009851198988239 1.4988353694919343 -28.29350350446011 -23.570394779529614 48.60978965002906
63.04406209056959 -3.891223299991573 -1.9710394513282343 1.6026730624870194 -16.978228139322376 -35.34397397521026 49.67589317164671
-5.80081958972373 -6.485928052798612 -2.007760827694891 -0.1966495767468651 -10.436394639142623 -9.38145790292906 -7.597457916654884
-35.049184741176425 -7.336497802641799 -1.6366704978940436 -0.0518457273806774 -8.151461201820027 -15.726803389107497 9.349518151871791
222.3051579362453 -4.880991876315953 -1.9447046504674887 1.5005734778692137 -36.76465870038096 -27.87823101858421 65.96178107420796
737.0015887375262 -4.777447896582601 -2.0428374384660786 -0.1403056075192296 -45.46530262067157 -21.571479473074 82.8862608055057
-7.82233519732112 -6.292179453669291 -1.5713924873811351 -0.2069410444193101 -33.75826606654538 -6.347343070519855 47.84151092188969
-44.79890366088247 -6.8215254877140135 -1.8438785321584703 0.8445750067424376 2.981598969230196 -22.65206935692045 40.51126952159837
95.41876442778076 -14.652654336691342 -1.6028995653859968 1.9947299237784533 -69.30742526902985 -33.1922359233774 186.401187564071
609.0474959821642 -20.27416013208827 -3.0394711551352667 2.2556800235681296 -44.15489106134889 -6.734586022834008 146.62627392806138
66.0611908245109 -4.283531349866972 -1.487697593462309 -0.4750981627394285 -37.4581253502913 -0.1980014025150405 29.536802754260066
-54.68222838806306 -6.872305600552927 -1.5926311309846568 1.504185371755077 10.941317794088622 -30.12833057829884 72.2985840461308
-55.26558621846214 -6.952984470484654 -1.6001334482916043 1.5328399490151303 17.17133957691096 -30.916593611758785 75.71433552513307
-3.522347970465584 -6.622862680404986 -1.8672060460454072 1.638853038426656 -2.793429307069692 -37.58274617288394 39.24493525397159
-18.75348676489934 -6.449522640435592 -1.71125685627724 0.0055579787532588 2.4940217431637413 -6.429264170994903 -16.45821720656296
-32.84033581327562 -7.571366111849881 -1.7492635168959982 -0.0230803728657972 -6.853566059157839 -10.6019811628462 1.3145560461426369
-21.55798854686361 -7.261790538394952 -1.6304849845981035 -0.1746982301426924 -10.4330055059565 -5.143406305019895 -3.713707803989503
122.15597016303018 -4.043219859405277 -1.958150230926888 1.4033782892812052 -20.244200447460702 -28.95412813815652 44.47126064041545
42.559330956286296 -4.384765919128693 -1.934973299266737 -0.3280956342977694 -36.2723655008191 -16.12831791859632 75.99595603154955
-42.36695521645204 -6.590770291455602 -1.7662420810418824 1.2694382704084308 16.7923994554806 -23.396034313827176 19.832984377438954
-41.459619061537055 -8.305977679741495 -1.7924948385377129 0.3181237340886496 4.501507477088378 -9.242293169282547 -0.8453088939203011
21.72867099560441 -4.283828116768818 -1.9051607067617908 1.829914974041212 -17.0037007305512 -38.6471136560931 100.82350855103972
-1.0983053725332654 -5.627595904815329 -1.4863946946274913 -0.4011007640214462 -29.67871013056852 -9.700849057620662 22.170037891264123
-47.60553878289317 -16.167399549495226 -3.133338471189687 3.2006287834481 -50.75090641449357 -35.0998344870936 127.0449967389874
-45.48069938016931 -8.01443892088787 -1.7247607690624018 0.5775790187902986 9.877878269070916 -9.67071018361872 6.847713950109542
28.993342001127772 -5.113253835118439 -1.5601043748500067 -0.5807234437152544 -40.30574407085452 -6.632752139088469 57.536657407597154
-45.10708006328512 -6.283184844640874 -1.713155908967141 1.2158393436917323 8.44430580497946 -22.75866792469908 29.60929158034808
-18.472840829941585 -6.72124487246483 -2.0186076886044155 -0.0804808513674209 -12.921869869125654 -11.643491647651192 14.779044073125675
207.36318845444808 -14.438929218800434 -2.907205646185624 2.8145858857132566 -65.75725094961 -30.36493815728064 148.783561298366
16.891228127394978 -5.533665171239027 -1.4286105575951762 -0.4813453391489309 -40.340447694693815 -8.60917454091984 63.61907994870816
348.4923109093235 -4.533063000931892 -2.0149152547758336 1.5815719315673415 -40.322628279767976 -26.00759808724286 77.62838887651989
-51.51293092500118 -7.835410372500514 -1.3950979941491648 0.1529126850858104 -10.393674538782747 -18.276066671297706 63.43883409995919
-1.514050281657246 -6.119622926328067 -1.9153770703824025 1.680656222417073 -5.767711375089858 -40.12735714566447 63.89614998862401
-3.89880814229393 -15.37681479061773 -2.8198842875786405 2.6874300217768043 -55.96189277726288 -30.618014237325013 103.22086175086618
14.692549588539142 -6.272027529352929 -1.9052946700071176 1.6726481743888797 -10.34778414155714 -38.04352707876586 74.20052907070145
1843.9104879981912 -25.15135258923428 -2.978208306724838 2.758353894452525 -30.55318628953711 2.258808467619847 290.1717873405649
10.946800239307116 -5.998961463983186 -2.001200130561722 0.8509852463995795 -5.306118023452427 -28.714230792074027 23.353945803543
-72.59259240738976 -17.886836582421246 -3.1320173750564755 1.274158468710482 4.211864287837995 -18.08623502931556 124.68838613725576
76.95492886500791 -4.56741110765367 -2.0049045552072635 1.6494748499557352 -18.5314339429158 -32.38753248251077 55.561507476638624
-60.54587492302201 -8.09216135414565 -1.5591110565166393 1.1619825775582098 8.891458390179364 -15.189765063771071 74.58668639997866
18.679882188427467 -5.227781065175248 -1.95476614207016 -0.4390661383382476 -30.17239627119823 -15.941011896275612 57.13890616268286
-42.13281508561087 -7.857415933088188 -1.8818065808125688 0.2160645103353695 -0.9974785169368436 -15.036643401895484 12.09723340439798
-18.847438710549756 -6.676394232621689 -1.6852836832779137 -0.1841795526636393 -7.360388981831154 -15.069816390729828 -1.541994864509045
-31.23547650755074 -6.253507710412007 -1.9246255347798864 1.718786965944478 12.627743581689968 -32.839413318217574 34.40542788025077
-20.741156693089252 -6.808387027949223 -1.796786170083721 0.2752365064372247 6.287914253686388 -3.642126285943807 -18.73466937873456
-2.635402295472112 -6.30716661386218 -2.0625541757055736 -0.2682907059239894 -15.19339497436179 -10.88111972742785 -2.3354780291473114
-25.93319166601746 -6.968805925314349 -1.8306688189493905 -0.0511140540675119 -7.857487945984682 -10.961018084681283 -2.486441325105456
-57.221713734568446 -16.540950911105565 -3.0567678186399667 3.148991617917643 -34.163149563741634 -45.111216644304506 153.9665164557261
-3.8940219446133546 -5.475317012464719 -1.8633306848106133 -0.3085765620535766 -20.45379448868205 -15.721139708087 23.89956067911276
-55.06369817463141 -8.092552834841655 -1.6592470964849564 0.5046074148588798 -0.360103802566535 -22.76716344622984 79.14455420357065
645.6765824709732 -20.09368440238384 -3.024461179717984 2.3604754444796687 -45.732168510012094 -8.908967561286564 160.89789322636472
-55.16971541887305 -8.43433697681427 -1.720123681487113 0.5594754712146661 5.572499503543511 -17.723048674510583 39.91568705835513
-17.27737139291666 -7.00780015077557 -1.9696397752944248 0.2415568405850689 9.825576896406131 -8.101668266618844 -17.683274765844974
58.518098920381966 -3.032487748371445 -2.077859209754381 -0.2543206585189187 -25.369488523794185 -9.578068544069165 12.156599491849647
-6.491213810236644 -5.605218443764443 -1.380013963832886 -0.3398567361933196 -32.042009826507325 -9.316932394159837 67.41202523304
13.648390270192497 -5.2554262841123895 -1.7710352494034192 -0.0970759893963482 3.248530339427712 -2.849008668752024 -24.014096464688865
-50.898244765852645 -6.534780415215899 -1.7588370305186498 1.9142573376179128 29.59075980034192 -35.33446708206874 45.85794369066653
-39.88131531917932 -16.06584831126354 -3.1635552697653595 2.9759593287013977 -34.26683892422747 -29.17745303664976 88.94818821755285
45.6429071066507 -5.678178994036148 -1.921417900846348 1.5921826554173777 -15.56739781898868 -38.40721631001061 56.70601189016846
18.7157908568182 -5.664916688372885 -2.043938106608931 0.5956673884738884 -5.694025790277375 -24.34813954823719 8.807760940650013
74.84447937863231 -5.399248050734639 -2.001073635998814 -0.3512060295978416 -30.069487983624043 -19.891024859428043 56.0119231282649
331.997382665424 -4.361393581976251 -1.993004441369047 1.4168061174681412 -35.93106036507947 -22.841398122462778 59.38192567538561
-15.671113402594017 -6.801202328428729 -2.028240664059302 -0.0676426161207957 -15.03569996913524 -13.285756869273218 23.439116988978025
-40.69096266199423 -7.403518367302232 -1.6303048604122323 -0.0063931893400991 -9.603078991607797 -12.158482071872118 18.931507917379832
16.634897346078546 -5.610666650744872 -2.0273442900655643 -0.16434896384911 -25.22177299171023 -10.349340534467595 47.95041462964728
78.65847694383369 -3.226593521496248 -2.0008024229758115 -0.5570496258870399 -31.14728381702982 -0.627227514139873 13.84083488032238
-28.697242898389334 -7.179665478551761 -1.6743569685727655 -0.0862206057455868 -11.54493102576984 -16.668997181731633 7.033290103398921
10.273256955412434 -16.160107744058994 -3.146218259203153 1.030144672000573 -20.003492411966626 -12.960525043529245 -3.998789197020805
-85.22385954821989 -14.678782103492344 -2.68615982117665 3.1895503013186386 36.7109204041064 -52.14987422588197 307.13798968050986
-52.92981718261759 -16.19652720369395 -3.057236093497224 0.8152061357754349 -27.08609642472617 -17.60281625554522 128.80875604093336
-47.959606437964304 -7.415917418834525 -1.5312049690358889 0.2024662355119979 -10.20355119795796 -16.879160202456525 49.24116259600232
-45.34675764738552 -8.28837081983181 -1.8132853655199304 0.5464349174658318 4.52623794037132 -6.03361559684875 5.431361737813663
3.504123011576452 -5.752026341995173 -1.417051244363316 -0.3726936437061883 -37.8021672460882 -8.669250014601534 66.00639515242177
-23.682529596243 -5.951944708804443 -1.3752791102546345 -0.1872385558723131 -30.21738512953754 -5.523277482037527 71.0922387339449
-42.09811529394823 -6.19261434985436 -1.8773813328084217 1.0171745964683958 3.524886074256757 -31.265516817485857 87.22918462451526
39.40816777492557 -5.85505847945523 -1.9050863320717943 1.6523630604474824 -15.372765804193453 -36.005411008675466 72.89181253396103
-35.616991867992034 -6.441734429195786 -1.894427374778041 1.7301136266026629 12.029522175100071 -33.10924726397981 46.04834345759392
186.76248016923577 -4.692789810850937 -1.9162388211005936 1.5462065466336985 -33.346605090078484 -30.840336192304235 66.21168606742883
-1.2507522832487064 -6.290246046140703 -1.7140575201676695 -0.3726497821271399 -21.12340591175337 -6.318013293806571 6.303643898509627
-61.03797717014198 -15.472988715874592 -3.1233210030474416 2.9508306973398826 -16.76748795359901 -33.92973372070617 106.36527397225366
-30.986235802003296 -6.115024700844681 -1.890389616943226 1.7707501097017946 4.777801900017341 -40.6526635603156 64.02386544126696
-50.44114054369903 -6.65447484391508 -1.7707909016043668 1.4514855211646556 15.018362155194051 -30.057939114186983 57.6383018337031
-49.58687676770065 -16.118071542897493 -3.101893487738183 2.969281005908193 -42.05904420538478 -40.03832835025795 125.21183839043871
209.28421675458935 -13.599975265321657 -1.8708603828402632 -0.5863987430086176 7.646686414164088 -9.819640272040653 2.837363801096112
43.031263747794135 -16.957249489733723 -3.1901062702851384 1.1439329568676857 -41.76900149031612 -19.1744287420559 35.51575049090023
-80.98812773210783 -14.650261173858317 -3.080333197533855 3.2485001636356925 22.871936869012263 -45.18610309335331 195.4089365720036
236.0133009944421 -15.229671388166755 -2.842364870985038 3.2539194166658083 -68.71578322556306 -31.699855974476375 187.70038300846545
-13.173012415632444 -16.68008044486764 -3.1268376462385006 0.7860092837917989 -38.47899192666411 -18.48373497538262 44.32274223807322
-78.49951551871192 -14.535020697310763 -3.0516976635959736 2.88626144412137 35.27071851470801 -39.55223506045016 149.79247873900357
-52.18492627403135 -6.39837788132987 -1.77188166978199 1.976154910434212 15.245895876991511 -38.22294440252231 81.49177234289048
-76.17704181976411 -14.151844172886634 -3.034041859018332 2.959434414672138 9.389320382270553 -42.882007527084106 155.2706187289685
7.070394657892372 -5.780745040956053 -1.5638501964383182 -0.3237011077011651 -25.243730016633524 -6.9847094596479575 1.9735131250062063
30.067025880494885 -4.726513074301007 -1.917087865452445 -0.3835268846030701 -35.47457803148203 -16.545205296569357 97.21723288900904
-50.17946313507122 -8.232756077639728 -1.714604380442528 0.7352587449534284 11.559295853972497 -6.381729705287152 14.634913669718657
158.66178995164316 -4.4742764922227245 -2.0174312984615197 1.618308617770974 -26.101874843238328 -30.65828930235967 60.12134992993416
242.09904961592724 -4.490211428992869 -2.0087637593404244 1.589368708568951 -35.50852570498844 -27.465793675698706 70.59602776824556
-45.15057403185159 -6.368025269761887 -1.8383594453429408 1.435715510568092 13.8924231294448 -31.80417333739956 53.697734413801015
-1.8192212587464631 -6.584309617089235 -2.08024029714348 -0.1253783338251062 -12.251351574121164 -15.21504935404116 3.3110478251211912
17.981041378944262 -6.274938215599287 -1.9243048422326083 1.645288186067674 -10.674373985919605 -37.728383684839606 59.36254214308558
-18.477026139042376 -6.615370620696766 -1.9717930777423964 -0.0347047595346562 -6.4965615216253605 -7.902023510646339 -8.998248286427742
4.804747553166789 -6.231981901786323 -1.896709417238096 1.6241018670848326 -5.152308922919822 -34.70741668337085 45.99501805654251
690.7749711068128 -20.546876954381453 -3.047256979540929 2.4343467049899434 -19.03038253424969 -1.3471077798815676 106.57172284756436
792.4132506353429 -4.201504946475159 -2.0441602877241465 -0.1442742054911622 -42.34263170328085 -18.547073808128527 78.43872016948384
57.04406272259792 -5.513627987917821 -1.8661469427101576 -0.4201258676394349 -27.641814674447176 -2.309947600193987 -1.979830092870015
43.95364772704183 -5.78455516603164 -1.9022953290123463 1.6323747541841485 -15.187068565809698 -40.498328252507065 89.20023746086471
414.5284050212376 -4.740630701690723 -1.959274711541373 1.5546220075442667 -50.38390078455163 -24.193804240428637 81.24984337081455
63.1784405423989 -4.815567308809616 -1.957812964931999 -0.0761910897744791 34.287014300289634 -2.501501383280118 -30.712739938472676
-10.75084418270312 -16.529106842076345 -3.152180642428121 0.8389371325241022 -18.17314154789623 -10.853675035022478 2.3423252014202287
508.601743885321 -20.22875730849109 -3.0646325475795657 2.722623638471144 -47.38539309609656 -11.292629979670098 198.3268357423478
-17.390977383639182 -6.877620192868174 -1.6079932965999673 -0.2793593104295969 -20.15891748092738 -7.65120335116717 22.44110247702064
238.935841258666 -4.722236092248209 -1.9612642784173615 1.5328145816746028 -40.98271531636832 -25.95601813509188 68.16830027890045
-18.94724076129789 -6.256750187630249 -1.9684662872456329 0.796123727109483 -5.547552313940239 -24.742979025094687 38.59439398613978
-26.464468317121828 -7.313430271279297 -1.8536216502749248 0.1173406690391929 -1.3467325772692325 -9.649066831147543 -7.962506551882221
137.581655313845 -4.776820280217218 -2.0153155958170443 1.56607362046716 -20.7616734285793 -29.681708874968248 43.8912982576696
-20.306195215848177 -7.16536444564231 -1.9132420744155056 0.2598028793488228 12.747356495985008 -8.727505019383807 -16.567912502392517
-5.104634150993934 -16.00112730779816 -3.182464546963429 3.1533214684413484 -50.08525250027627 -25.47324832477181 91.08310578551284
1024.5129144454058 -5.120042574025499 -2.0516933625275 -0.0551742550683435 -43.81179066995436 -5.051776037081117 121.19300207616196
-18.16535275318691 -5.524758089394861 -1.9999389048555647 0.8103111230558027 -3.83477137026154 -23.41828448926484 17.896142433416337
-4.055840903649892 -16.81466780891972 -3.147696650145651 0.70688530893324 -23.89283994809596 -16.136178523504753 3.0822322517619227
-5.23476583302817 -6.275528898470115 -1.9519457390533517 -0.0403758978830117 -5.558174800170121 -4.301945124831732 -15.088491127776932
24.5695451651452 -5.999571333382012 -1.8522969791682264 -0.2991628602508766 13.249293295570306 -9.308639146951233 -23.249184130960263
-60.149257308968295 -6.230834795201834 -1.5064233969351382 1.924897979579251 21.088694191840904 -38.36210913616881 116.52771447410365
357.3928695368348 -4.525222902188856 -2.0151301585381027 1.6191644470669413 -46.5161244957785 -27.171484536955003 74.25980941239285
-35.66789161446372 -6.57092568465298 -1.8674936895064864 1.7741683683647975 6.1447507129744405 -39.58526196227405 53.31954090921721
-36.60367763822836 -6.420388317554317 -1.881002274496734 1.205382799526872 14.047403686341047 -23.48523728989998 14.524109282354772
-44.48126973595857 -6.872410897228062 -1.5621013002437645 0.1423015369714829 -20.4315057627512 -17.711114489503135 84.76000676928597
-36.18238138250783 -6.955967688072593 -1.7511902948760103 0.0877568261106988 -10.516464425321914 -16.289530553358336 17.01302480406101
-45.34401681074309 -16.479878562435424 -3.0426621964338865 0.8486261958376048 -3.3558769124503 -10.446814282824326 26.45295493989959
40.36947198851423 -5.988170153932551 -1.9554777070356344 1.5885560574937052 -10.033454681859086 -32.427178249654226 37.40777616089338
-10.072548754739008 -5.510290063813357 -1.843245681108425 -0.2528460994036585 -26.07475234514965 -16.98656786752381 45.19784872669658
4.194400413194249 -6.348473644881126 -2.0022684701567277 -0.0197469161617174 9.634008735213314 -6.020670040230456 -23.064605943225985
-22.55922700479921 -16.004612592354405 -3.1430143352946778 3.182196557164083 -55.00641825889229 -28.245718512100662 100.08585824649748
-81.4571179040032 -15.275971885741717 -2.76811757527342 3.036486429813544 23.54363516808266 -51.798509681461056 257.3967163581089
17.3517428543751 -4.919972503028192 -1.922376030128433 0.5615829404669382 -16.542467087487537 -25.018274377555272 63.34646264333567
-51.99872893530056 -6.459737910043227 -1.7068122241256694 1.225512628097923 4.963371471787836 -27.36303832004113 46.34838259803962
-50.16467433085605 -8.406015351595103 -1.661215685945539 0.2657976168470126 -1.5425972514905637 -15.378284732024758 27.994444822482528
-72.81620358786738 -14.337648091855607 -2.998413490210663 2.8533153700885907 -12.429252844304104 -39.66423041951865 196.8954637326817
-13.198276313686264 -6.661324747913956 -1.808932928142977 -0.064968676128679 0.6775230859916652 -8.868287947607584 -18.10941446072942
-56.81819800991218 -15.781811409333535 -2.779772600439461 1.718069782970468 23.192929408524627 -18.20491667847772 56.894280548068224
65.15684118226945 -5.298743182225024 -2.012479427053179 -0.3206694255580158 -29.608781441505137 -20.19969547504515 52.556300066377936
248.41408199755128 -4.5543680956060655 -1.9699290380820529 1.5887427522042687 -45.62984795544158 -26.61543242533548 75.73210392824299
103.36497593048205 -4.736457734561893 -2.000030663452115 1.5120173739633676 -17.62324630716178 -30.22886091641269 40.34900429807643
-9.56613584005964 -16.392898733052792 -3.113712523881858 3.009358917478129 -60.96939860033079 -34.022004523998426 118.866659671816
-46.539920670545655 -6.361584478344014 -1.8145884040081857 1.0044931781770878 -0.1602530929742303 -26.596216364730235 45.89053359854545
-20.072920541841707 -15.052790749438822 -2.8727349582886084 2.7123096771506274 -48.06620598091057 -31.253880425230463 102.45308292449128
-55.739595024733696 -6.405614595549756 -1.6677480436578496 1.987285864176576 14.430646343152272 -39.47279743915276 103.5944451929199
82.99492001834672 -4.330654788061494 -2.0092115278624543 -0.6281030161139388 -35.245367991544626 -8.319719985907991 50.24718204994582
145.40427263723174 -3.9182527446877415 -1.976566616780395 1.4876972268432025 -25.86271903356384 -29.001055780897765 53.850541484096695
-35.5390066668874 -15.094150038618304 -2.8329843127014533 2.6525455577957646 -28.787369444957843 -33.92104154358446 98.59833327907188
-55.20245853723507 -8.414239760750958 -1.678533516457824 0.4804094108372549 2.1048048402941286 -18.975935825973437 49.16705895498109
-82.6518389901678 -15.062465140016725 -2.7874771610174585 3.0725797668255894 26.39686920376802 -52.712859851766645 252.25154837170268
93.53925407140896 -4.6359163974256745 -2.0043145615199616 1.5869276406078503 -18.958436789355687 -31.37312675687529 45.97204764368302
-76.31546882636879 -16.02325437682133 -3.083206640017304 2.962281683765052 28.44753241031565 -32.17458257112501 135.81935480569877
-25.787340376816843 -17.033827028801497 -3.1409485741136933 0.7737173400595424 -22.831095581180502 -14.745430184027072 11.703744016460842
-45.58533284508658 -7.287845071350681 -1.4389620383709405 -0.0136123685679765 -12.887411601724471 -16.079165258311296 62.34855663587781
112.84434279117028 -3.705845847157161 -2.0489729738050446 -0.5698708959427364 -20.509567457224577 1.945499589420975 -8.097693197967434
13.700884930024726 -15.709084183161847 -3.170763239931823 0.759434678450566 -8.005409369013082 -15.974704617743244 -8.343061211729351
12.888854260426015 -5.416828264121726 -2.037759736057167 -0.3545388441090461 -20.42861953226296 -7.51062269726554 6.514165089036528
-47.50621511827682 -16.201372662246868 -3.0729643542370444 2.869394423055333 -41.13151003884513 -45.08982051600486 132.70968354959362
-50.97513073747884 -8.218618170578205 -1.4762175922548435 0.2717341201266541 -5.870505709599991 -13.247729296707025 59.5285995634552
-70.27202920290556 -16.70180488439922 -3.014929909370373 3.1368787525474677 -6.075151301592125 -50.70262673511306 165.39565531411813
5.124205303116258 -5.86237765221383 -2.0058949427046597 -0.2641159112893175 -21.248667901360854 -15.03886841943927 33.171107451176894
139.00665692715873 -3.896831244974613 -2.042030944990787 -0.4021195040335252 -36.43224408039111 -18.171895395385 65.05538739134485
19.39859334438707 -4.414351924365085 -1.8287620859442768 1.8680837242028787 -15.598477945810735 -41.76557688084331 110.83615743933026
13.856722114828369 -6.1577505335152205 -2.092376749750231 -0.1319793583260511 -7.418709985872157 -5.556652745194019 -15.364201425146671
-45.73829322961921 -5.803560594630343 -1.843514624228316 1.8019027155682077 23.880310368888868 -33.34934688438448 38.80185500408821
103.05665908904308 -4.881540754325292 -2.0015752250632173 1.6044932691324745 -20.949924869930783 -32.44578748729299 51.71953666052627
-11.350803119137106 -5.496348304171892 -1.6584124865345162 -0.2567801073888324 -32.23402690690247 -15.605034247166818 71.03104280320804
58.780968828370895 -5.22785146844956 -1.717066423737588 -0.4986024748996488 -5.039191696068047 -2.847795022819098 -22.85594264646013
-49.72727112950381 -6.4712483298864925 -1.807447111814609 1.8915195148903816 19.52468149468728 -33.061712798272104 48.32432259884112
6.618711992815004 -5.6490381091157245 -1.8537779165808568 1.90720254781308 -12.07992546049146 -41.924766772383705 114.29719064776198
64.10107411295336 -5.238968205022547 -2.014861418759209 -0.4788660874151523 -30.58581867688056 -11.80692929995698 43.684282170495
-60.76729706954095 -8.051196099921075 -1.4576841391297624 0.7982306713790313 2.996912033493869 -27.888749283336555 104.12174604461488
95.1173811628334 -4.480782530033165 -1.9650851675586476 1.533705710364242 -20.03248138657244 -29.66653830080617 50.96040888100182
-65.45926871026984 -16.34360857649163 -2.766981364585679 1.978613427185324 26.66593871251776 -21.016167348349725 83.41884983980418
-45.176576465878505 -6.931336706517993 -1.191637293311932 0.0818865088096656 -18.104866664921364 -18.157736192833763 86.26361444600282
-32.14508893595269 -17.171465576691002 -3.117809606214754 0.8040960935732621 -7.924147557723591 -16.2996583162943 6.580782199873608
452.5418728870358 -3.530264182256898 -2.258994999512676 2.027061257975749 -65.00382616855221 -29.845834259969354 141.34660777127866
172.96612580385866 -3.8775247348962494 -2.0175652414240672 1.421869812150503 -21.669255926762983 -25.474200699705325 33.704284814664895
64.13393414437658 -4.8938139228064665 -2.00174589098568 1.6716008586240474 -8.16087301383774 -33.39364496093765 39.38295817222969
-85.86473933457857 -14.250760895184216 -2.454030073757282 2.686377285485836 29.466403938154684 -38.418574575073045 318.98633342906083
11.212846496008828 -6.158634442765222 -1.964450135119557 1.6703087457262131 -1.410077420358494 -34.750298839668886 33.750989453658484
-55.17677200755137 -6.4766839432201495 -1.6875904944299072 2.0300919657135337 17.276626729930243 -40.555369611356376 83.77008311133899
-23.81813311173965 -7.143305890590541 -1.923215025498945 0.1918821373897092 -12.567797999496882 -22.75624063283317 73.37965277022282
98.12007997172726 -5.0942156069550935 -1.9308355101348529 1.5409155350063957 -23.29378408607233 -38.23487858752978 81.37364010553165
-21.66526008338529 -6.211423047773557 -1.174915580460998 -0.1716701689480535 -38.72852816438565 -11.900986859761677 117.73492410831916
-41.42990049095527 -17.392463088498808 -3.102101642487811 0.8971736873021279 -19.16463985976902 -17.612511376181 27.2117993751212
-82.83173957184991 -15.07478323862886 -3.036478115049208 3.178885237858619 50.46860564677842 -42.00008586373266 192.35094170031732
-68.3393188743032 -15.025843431557735 -3.117755019352149 2.835055170427407 14.57560760492938 -30.423443195600026 107.04850097693055
147.01584899190246 -4.488306451373398 -1.988921107014284 1.7216298905749643 -35.2450648422918 -34.49988322883403 71.73219588663946
-8.087136571444479 -16.723206320812142 -3.12369426595031 0.7166376419291296 -23.54728284233647 -19.1707512825044 11.310891990969356
-50.983436306522826 -6.990678090803407 -1.7785449245924394 1.103980416567023 15.18375343644982 -25.041738198925927 43.21971223041727
150.66411519516848 -4.5219540946832 -1.998244326571679 1.6221339854110348 -30.18603218289967 -29.56256929921561 54.77714513225396
80.17291938313662 -5.128710466363903 -2.006415776354856 -0.4648308573123684 -39.35945522501436 -8.864242461164364 58.20419998968208
2.407976204027157 -6.0782037668425 -2.0230830290151256 -0.3308391570313417 -22.00084878589521 -11.245618055961268 27.802709924794
49.987552856997446 -4.449974562790685 -1.939634826392225 1.764110221181587 -20.677284890202987 -39.07108063534176 85.42475720109836
-29.89140750708189 -7.443549325569528 -2.1433276733907487 0.6575673479617162 3.456913349953993 -0.7229032685218313 -9.618120389914374
-18.740537723040656 -7.227918661351588 -1.8043596188232172 -0.1798096130509812 -11.632424884909426 -8.228898815257885 -3.280777572142737
-13.532231778895138 -6.60618409179506 -1.899741064715754 -0.2610595201030591 -17.663790234139277 -9.024443724315573 5.492987041642601
-69.77935025181628 -15.426538903615574 -3.018147669213382 2.836796469266552 51.7544565264638 -27.210680805604813 104.41334408646966
621.1573424955448 -20.36268828263135 -3.037260355663127 2.280826484911589 -41.07684716902272 -6.485521716845823 135.17948040379298
280.84130593563106 -4.746204138684479 -1.922596791257409 1.6366015664923026 -48.6368813530521 -31.0324967983568 90.0592856069581
-57.330057162305735 -15.702225460734653 -3.0611282864437706 2.874142767065856 -29.334197508596848 -46.19305838145589 138.80833521537647
6.394237358468229 -16.80199654372009 -3.178672235037158 1.0430237225287649 -36.44306038446833 -14.235600564386845 20.772202411982843
-77.14355245005159 -15.501970488970576 -3.100963799158244 3.2698553662353094 11.935176893307991 -45.96672746178608 157.10397498439232
-14.73268489317865 -6.341848790066844 -2.004095529300051 -0.1743169610737426 -16.542536743610754 -12.506798454632694 8.047080164383093
-61.64423429591758 -16.63276770634317 -3.076551074820788 3.1371995138514595 -32.0078692894551 -45.80324766899652 162.45531944645404
2164.5804030039594 -25.606707120495333 -2.9767459807608887 2.79365931253704 -30.82242610246057 2.420282373381316 284.85436044003166
-55.19876437726 -6.311764651028969 -1.7008644873389198 1.8884770284135397 20.933546677924337 -36.54204478536761 63.55002315567796
-40.15738326567964 -16.741249110302103 -3.1150207998889523 2.670473780004555 -57.52668056125497 -11.10039913947786 113.60997919149848
-39.16721954293549 -17.396282397853643 -3.0786379952469853 0.8289960813471943 -22.2473933073214 -18.40884852633384 42.732976693167785
-69.7064628579653 -14.879955504564055 -3.115023238253231 3.002048985218861 2.691979919864516 -35.355919397680104 122.890035011474
-8.831576977255317 -16.686612998285494 -3.099622244889599 0.9214671505479082 -49.3216446691155 -17.082622886259806 61.32517090951658
-32.85548797029258 -16.448320775878596 -3.129540130087312 3.0947292400517736 -40.25604624091138 -33.50381704174113 86.82353281634433
-3.939104000152716 -16.382691385328606 -3.1566636091701263 0.812933051328202 -28.59633550805798 -18.0223809589213 11.07794057533058
-61.97636009765864 -16.101718328524658 -3.081071167489833 2.978565883897816 -21.9692978981965 -45.2596522843834 136.39514836131022
-59.56591086170821 -15.204592696594249 -3.105615706316417 2.92584977785543 -15.093804209504103 -32.80576835596488 104.0221087276892
5.148027981283866 -4.781538400967393 -1.9406218845582568 -0.2262607677319024 -23.3537472332178 -16.87572153897979 21.261557793475003
-32.162735772430416 -6.013563394978476 -1.976009505863187 0.9713568173456686 6.598612452611799 -23.016365411131705 18.296517131203977
-79.39051929885336 -15.379925671444507 -3.0561083055833347 3.357743870379143 18.93106697625507 -55.41278379157952 190.4913422565763
-60.07545209598136 -7.9539295068975235 -1.630721606710867 1.1000246709780033 6.968287438954744 -23.017781331386804 92.18679038916788
-40.87062212432421 -17.158615567128738 -3.2590185269865977 0.8857903785259481 -12.201650061047392 -14.888516792031051 17.13142334041634
1.513858616766824 -6.023279216083648 -1.911813689376984 1.6673490165374345 -5.920003931215128 -39.64877609943246 59.84462215869285
681.50039279134 -20.662243354716512 -3.096690734734617 2.4035992606711614 -42.303386616933295 -8.593040354361943 147.62725825536273
-36.02100042658749 -6.704652600200784 -1.4130028642822552 -0.0426556992529562 -16.725196793626754 -15.0787164609049 31.460405196536417
44.95300514496801 -5.193615336765331 -2.0172661556248714 -0.4226222899972893 -0.6266453161494777 -2.354043402425014 -24.27430243527257
37.74500134876474 -5.924499446655112 -1.9461946224269435 1.5616913782892603 -10.08957941382383 -31.30839897378389 40.13223478446432
-27.885941717031653 -5.926673475136096 -1.8763928578782556 1.026428294210158 -1.742955471243001 -31.093988192293644 71.4844341923164
-12.4244984213084 -16.173919302851893 -3.3015278521350253 0.7020662165465943 -2.876567961272096 -14.62307107531344 -7.886888998382808
63.81700207016789 -4.360863367131411 -1.986698376963265 1.75062784773964 -20.870318659763047 -37.20004315535611 69.19888266344506
-45.39405011610115 -8.101463585278088 -1.7168962771324328 0.1873609118896574 -5.669961776464894 -17.205226409779428 16.190665149277354
78.80042637743463 -4.753140779610704 -1.950529513992411 1.595213936854361 -20.1451327881003 -33.48709569777586 58.47686559519316
-46.68811521711599 -15.559983619111646 -3.128110367582886 2.924833241255021 -19.802356381278653 -30.75642044226344 90.98859966346645
-62.56924562623848 -15.490524273082572 -3.154718441853239 3.015434666363322 9.40840655121266 -34.778558248094086 99.10763994987664
-23.99243061939238 -16.422192186256495 -3.1035084954672043 2.952158793984475 -56.39760911573437 -38.27247913652696 120.85800746742687
-7.814767228149921 -5.8902060474618 -1.8091240070656311 -0.21086135452329 -15.327421627067322 -14.236446183428106 -1.930071758957943
27.36056624229896 -5.223677419495324 -2.0730715214569493 -0.4826489376921198 -16.172432029778573 -9.803402138956097 -8.858456129048038
2.739882549001936 -6.017983139692894 -1.4628888152020745 -0.3711427903719078 -30.028112028766564 -8.661159041715107 19.14288154540212
72.26774879446793 -15.281552971192651 -1.7930038676493512 -0.3118473123251967 -43.638601327343885 -13.291162088659869 46.45464202770084
10.172313723297863 -5.650389346648088 -1.3265703668280129 -0.4436253792078347 -36.44898077795198 -9.527297689206865 52.64686815322389
112.06794948827076 -3.710360414559472 -1.9698854497104248 1.5540069942316306 -25.544444497746365 -35.51125483963714 66.3706146846518
-26.875683847044755 -16.743811878865184 -3.303332988687616 0.79950437536436 -5.156316339376652 -15.197423394357326 -3.4071510809706584
32.76017780140362 -6.6437996633315946 -1.8502551264460487 1.6907026783533012 -17.513094689755363 -39.683769557166265 109.19245569639187
-85.45369567203835 -14.635875993154183 -2.601648517098962 3.2256678819235263 38.635096148062914 -52.664718563092464 332.8189516085098
26.79939297570192 -15.333308853798153 -3.116513941616224 2.7722671474524594 -52.58439134351956 -24.66086407839424 85.7882331438638
-17.432254077646494 -6.140255728440863 -1.8850413388003744 1.7060768730654523 -0.0111145080607709 -37.51700701818177 62.81941049638222
-17.19299220823392 -6.357029026183535 -1.8682259481767527 1.6842218558767823 1.0575966794310028 -38.601197384962646 44.1986494675687
-6.621738122715278 -6.015907055781258 -2.007099560763104 0.7845462704706616 -2.117412060209953 -24.16912677312504 18.515812743496667
-65.46109600047181 -15.959887224810098 -3.087218064962116 3.097263024204733 -15.913183168430878 -39.49005256257925 133.60096880700365
82.92236334065026 -2.850981005742702 -2.0106249146354145 -0.5490751788914963 -27.38580806903088 -7.04417811036317 0.7051039404552153
-38.1126355159923 -6.242950398646346 -1.8829379813739475 1.085280159143333 0.7119538174566514 -30.147344364582008 62.32599872156528
-3.675515952864362 -6.528119651524178 -1.6401738201739426 -0.3596638296095494 -20.464109109359 -7.80169544685469 8.484623917218046
-36.898114450100856 -7.984966707265625 -2.0202717958033314 0.3860893387517563 -0.1403542250953887 -9.383682920472832 14.694062407651222
36.65119914354735 -5.662894098808612 -2.076205282056916 -0.3478736822265421 -10.176454530681548 -16.61418084042611 -4.251405304887584
100.72581606805475 -2.796193411247973 -2.0079040190649278 -0.5735364596566532 -31.765520692946478 -7.721190266634729 25.214346087806323
57.08996879910952 -4.566067282378988 -2.002802747520999 1.6648493420467112 -12.812577670418433 -33.99217468021091 50.4588166132265
-50.56712072451237 -15.809026624047078 -2.978596526688408 2.78951910128628 -35.10077778585369 -47.46144761221984 144.6300914021973
27.600462774029463 -6.225733569388531 -1.954547547300807 1.6183630504715176 -7.074439313245653 -33.57852369139246 35.61366677110943
-21.749348446524767 -16.244927296994035 -3.0223038152448574 0.7682601229199555 -47.85820928898514 -20.98139863986277 70.53055000280183
-51.03521347962712 -6.374660866622883 -1.788904847097956 1.9722272295678724 14.65942491419733 -40.78009638327679 84.01324438708254
-20.55138855375081 -5.862199474430049 -1.9512482009862224 0.903791896471354 -1.829356128319825 -30.458644546387152 38.8536162179748
70.79670052254336 -4.8722697452055685 -2.009061240802747 1.6478190658087293 -10.431325233380438 -35.08587194013333 39.0910983526048
-41.69762776386667 -16.437623282073258 -3.106632254309861 2.9357402621974167 -47.26327564036886 -39.45829268463448 121.402934712543
-52.74988570019695 -7.909982981678055 -1.6116020966293867 0.359288995276611 -5.592900917132536 -22.90592363123199 77.02017483761084
-85.53315622054625 -16.19311714085865 -2.6265511902028416 2.7571107692390497 42.10010495417063 -32.40960566791652 262.1134179354881
1.996710973700396 -6.162738677097095 -2.0822369164947725 -0.0982751257395729 -0.9142559204810966 -8.650843051284921 -18.872878067446933
-70.61544729036031 -16.130575868298937 -3.093629630769456 3.032430315243441 -2.034220816896443 -48.59443946858759 140.66336296136546
-52.01591148660415 -16.2309620709762 -2.7376454934981744 1.581960147177418 17.769859274491534 -14.16606314741296 51.61887994144556
162.3873020101758 -4.558840734684456 -1.98652861456584 1.520140195370385 -26.251537590478925 -29.86375576491276 48.87599750523543
-10.755317305150475 -15.83227211479059 -3.1321767247595687 3.1347235402742446 -63.484280553953255 -29.849425191060824 124.53015110425976
-75.48763856922106 -14.95733496247299 -2.8976326518453965 2.706601254240804 38.116956785300246 -27.21502689416568 128.32070278137886
-30.48400933192046 -7.013092181920309 -1.5396556098419232 -0.1222311161502745 -17.091879178776654 -15.299195472059978 14.811611257394016
-6.637134599236898 -6.41908657096532 -2.0321801450740167 -0.0208845467781206 2.269348820113781 -7.252722936510761 -17.195832754254806
3.070527321747966 -6.962049269163802 -1.981561208261251 0.0635959085773334 21.578064917962863 -7.857523159770989 -22.596587017519383
-25.79717893839289 -6.337687619893937 -1.8504000649604144 1.7243135103799154 3.2943357344154203 -39.296211955906514 49.01580071488948
-22.428005749597407 -6.985910880963727 -2.0075029820951134 -0.0388284168220425 -12.723080181918323 -10.823876094256391 33.85498510261095
-26.405627303652977 -16.232288544837072 -3.283339360333359 0.7379511295209433 -12.570829097685968 -15.511344714253829 5.170893344043905
-35.41433809553916 -16.55714277072127 -3.1058815525634835 2.485836696469483 -57.28543732350616 -11.12948450138522 109.29001273857916
30.097403468903696 -5.1333182062729215 -2.043936259889103 -0.3347979857908701 0.382571197904584 -8.790816882220067 -22.71272405837071
-17.86304577005386 -16.467901994599632 -3.126009899568641 3.000205315807769 -59.64762391901285 -35.88781377462934 113.87233792356136
-11.212336072757775 -6.60504891789277 -1.6638548675676272 -0.1538026320937076 -25.49411272452361 -7.081194311318546 38.67894994991868
1621.07669328478 -25.48775733186844 -3.125425230968048 2.946665178539971 -25.845405565636497 5.653437948162137 223.22725150187387
66.83197552360762 -4.623337810409917 -1.967636380234939 1.5457585150369175 -15.47729853060754 -34.88784537873813 41.64995336888559
115.24320700414366 -2.61910271589938 -2.078377892698596 -0.5627140377619935 -35.82053496275773 -6.032604225237945 29.7235858343676
-59.89538240796244 -17.45906697888358 -3.222408695763864 1.186572544878991 -1.926669623775085 -16.20538162597392 72.41635615312514
35.971795121391125 -14.99829561912689 -2.687243133345921 2.499038868500443 -69.52717807219793 -28.250733229670928 200.38384576284247
-26.35497433675569 -16.50679685090663 -3.0950969829137898 3.151567318923049 -60.87511938459546 -38.20661917910458 140.08641258112814
-85.63159373931323 -14.51933388026076 -2.464511419181864 2.539406699896344 26.94725903610169 -34.43722313881364 301.68980955033066
-26.01210748528504 -17.107155021620866 -3.090039645896559 0.8032121363771949 -34.156069662380155 -19.30748591491936 29.91197743079172
-43.95043143396875 -6.277005487481315 -1.8332352444256632 1.8526514910439744 10.15834901193661 -39.37813305638158 63.36479269188917
-74.50217104870153 -15.271626175880838 -3.0205083142114426 3.0520158869957004 0.5108333300530756 -52.549714373481805 182.31600114040424
-85.0815320675318 -14.69104651659937 -2.8968545710383107 3.1141146565245057 52.92916957886378 -42.749953297734685 252.44462609723365
113.44510001886006 -4.979681094932098 -2.0123746308357333 1.5661636927999096 -13.25124106072002 -32.45023752238056 36.79809810053245
-36.972323882532976 -7.163855032259511 -1.8370821213445017 -0.0022201823191433 -12.061173161423929 -16.940853870715497 29.207172469994
-58.52724402732712 -15.258062435670334 -3.1062410216146823 2.9319434873720525 -7.78768625946694 -34.77421215953319 97.20392848040746
-45.74177018703195 -6.368657180694377 -1.780466929352376 1.8476446914453497 9.48020594726689 -41.8127067979067 74.60854759301513
-74.77936662817552 -16.203402292554728 -3.1249800546269952 2.9558104420757454 31.14352225280625 -28.330634396289945 115.93545592845184
-30.353433892015307 -16.42705153703152 -3.0478950380684093 3.1443599349838487 -59.277935913158096 -38.991255321593535 150.8480095299933
-36.63468252748485 -8.078971894366187 -1.811700014894016 0.077304326357241 -5.952303257868561 -9.859634400516743 5.493331725795168
-28.895477724964383 -16.859968121865645 -3.0989488253641326 1.0079040271033657 -52.732722922180784 -20.28034112354436 77.07403151626679
-55.40677857832122 -15.836249720238548 -2.810296176850702 0.6892387346082067 -21.60961225925629 -17.887652213534402 112.25758289790286
-20.321257883497 -6.209680706042403 -1.8621804939001656 1.711830696419776 -0.2275942384567961 -38.07528414734504 68.8898707260478
156.4606717891913 -4.545350072359955 -2.0034402144649577 1.6178595501186244 -30.96093997391487 -28.660021273734976 55.271866088746
-24.46557554412925 -16.897033995930713 -3.121088768278319 1.2131885480248503 -56.38929715907487 -16.436058634204592 81.10161564298639
24.489739646235773 -4.652886002015141 -1.748746585765618 -0.3357768410327544 -6.245072805104051 -10.98124551689735 -15.187576959738315
8.724417749479196 -5.270375767239105 -2.0091171179892515 0.5812738405469892 -3.0514080514742146 -22.766152074619008 10.270360183518918
-25.73901434090081 -6.175805977280203 -1.5131284424498224 -0.0126188464602015 -22.780529799032053 -17.607550036556894 35.94789955912507
8.002305209438992 -16.598852045946135 -3.249119573304403 1.2190442892275306 -32.253645948341806 -17.329681305219914 5.804838734844815
40.11823866982592 -16.658364719974042 -3.159216024251986 1.0319668893878835 -46.62199297772853 -15.890123048058683 53.89098066902069
-3.54376309849312 -16.275108295645044 -3.1183334756592807 2.8723714001741683 -61.43904486545539 -34.79193082828135 109.10418387294207
-12.652936249543844 -5.878506448647592 -2.0041912743644748 -0.0190297233817453 -7.478420157941028 -15.952541532638753 4.343596772383908
-23.320766581310824 -16.223719663705186 -3.1087001432330035 3.1784286139481623 -64.93716913263866 -34.51210958786245 133.79394670637333
21.61475195394891 -6.203601645447609 -1.9555137364793092 1.4114962802260391 0.7033899961804824 -30.26041571066976 20.34561772639838
137.50539182160236 -4.5007466491692005 -1.9508136504780864 1.6277596844836502 -31.54193937567305 -33.38251987321882 69.75202349760517
-55.427519406386985 -6.710283830230821 -1.650163187318914 1.2591561624517251 8.652218811760862 -27.63145634554828 62.41835033802823
-82.71243044733727 -15.053205872434257 -2.963550213612322 2.802046654242717 49.03605556453639 -36.195048804432254 180.52517014306505
-52.33921308677034 -8.194675823942747 -1.6750688340498046 0.7550535001887406 8.739480556381558 -8.102881912551837 21.096252676644056
-82.64725620260047 -16.717045594775602 -2.782898181391604 1.883297400525992 28.83292982787621 -24.617737507290236 173.90215200681908
111.60635051022842 -4.57413058933744 -2.0002050658041157 1.4574015051572111 -15.76993112374658 -29.7978143358884 30.87084954364895
-83.78058915523 -15.220875410091423 -2.923365897077522 3.3491964578332256 34.03413156221032 -54.71740962184071 234.4279349694599
-82.5049467713655 -14.748851711671982 -3.01398369003692 3.142114964545043 34.24133088080802 -54.19688193805062 194.6950034503119
#