-30.22628046804496 -7.145935598681743 -1.4053130512425742 -0.0049930421904556 -20.17415824068401 -4.19939204349631 82.33139955061989
39.36874379503683 -4.225398294428562 -1.7142031880979325 -0.3742743351425983 -4.453731871716402 0.1250306899754595 -22.513216889508055
-30.36501244663685 -17.163702526981808 -3.2920357460322265 0.9169946558624772 -31.68003159097828 -15.581885074741775 27.245013980989626
13.037276616950242 -6.279470642106482 -1.894325246171758 1.596274204687134 -6.271479622806127 -35.198741011898946 44.89021062336093
84.70952413332753 -4.019156347414547 -2.034500924365529 1.418739427795474 -3.3666734064900927 -25.009576581702404 29.89893181478461
-46.23584930652574 -6.333077367404134 -1.7879386571381948 1.8570381385485135 9.48022064035537 -41.96582845978229 85.17901050269191
14.52606556610344 -4.820373985664025 -1.7068657796226547 -0.318561500247042 -15.42081089749676 0.9282620232752404 -7.543942779553586
11.948099746894483 -4.958127052875899 -1.6867957818065042 -0.0238903361733773 4.610218881589192 2.9888305431254167 -22.614460237982087
327.0348074785215 -9.537020844056956 -1.236674205639548 2.4908024945714446 -55.59682188715421 -38.372403608054114 131.5155976682545
22.102333565583308 -16.37197395803673 -3.3157052355833123 0.5764240236478451 -12.164794400555715 -10.7446885064961 -8.672560163560483
35.93622412549028 -5.295274200431175 -1.446496226667488 -0.4611974749970983 -40.15586640545051 -8.693725207582967 84.94591718317096
-19.068592796917088 -6.618699281283473 -2.0019131341464447 -0.0456802018947254 -16.05535757326505 -15.12422818339104 59.33697663288336
44.404093518128526 -5.983024642632601 -1.9588685977017952 1.5612224918942004 -10.317876305521128 -32.41423269303595 36.5518357350349
27.8215124666427 -4.149128912214539 -1.7814240858559007 -0.4096479899316226 -32.97922360415044 -5.229170617615976 18.627404554453754
127.9884639512065 -4.242493052938364 -2.002889081607012 1.645354061460728 -17.794764134687014 -38.20838065132676 81.75500086447848
-29.35619612132588 -16.54536290009765 -3.1521361111976014 0.760347984914673 -9.254214630154156 -13.63717760100586 -1.3527500093818396
56.97617691057683 -5.107489775407433 -2.045491625699765 -0.3744476382127376 -30.30649482933928 -5.182849797841205 10.545776147534902
-5.024652412452142 -6.227186422324962 -1.942299585928338 1.694957976473511 -0.1327418992063013 -35.29057355415988 44.23983931263655
-35.930170637810754 -7.049206866181318 -1.6709119162205204 -0.0120162822639922 -16.982820436919845 -15.180460444951688 30.58400895203657
2.3857099322840765 -4.455869118527798 -1.8461325397910255 0.170676710826202 11.429161999014749 1.0846200743054175 -22.617447508326197
18.60722990245718 -6.219031776547655 -1.6267609281983029 -0.216600393704456 -16.543414700996948 -4.604547510784019 -8.605648284653416
-25.87608191864955 -6.416336997447446 -1.8132384496464011 0.2820714456550319 -0.6746709275058349 0.0696075257034547 -9.191692593207796
23.85770146542683 -4.257922462713361 -2.004269000372615 -0.1298637629667925 -5.933227275503502 0.4061919977787044 -16.486795754978885
74.90277753319326 -4.386203595307802 -1.9771337154602289 1.55926807145953 -15.19172039762496 -31.58025566276777 39.59575934629811
-10.759610916577756 -6.274624197902123 -1.5170122925942324 -0.0796431525614586 -24.60130770031876 -4.402070914301232 29.663657989102088
-25.32270995407093 -6.084611534787666 -1.1692346434220018 -0.0925200360315909 -27.62677798536404 -17.31404999510184 93.15562938326664
18.45948860409489 -4.43482242971081 -1.885368929969151 -0.1244642877264394 0.6776471246819011 -1.0552399798317258 -22.725066847771224
-40.09195154173996 -16.56555952601885 -3.195433978362841 2.1513428718329566 -53.54108608069471 -9.126271989329938 80.3644677506035
-16.161187540468642 -6.355122219793235 -1.76318266827653 -0.1949577040679261 -26.397507837605144 -23.88311088158992 74.85647240851928
1045.1056563839609 -5.366353035449955 -2.069172516993931 -0.0454706272381268 -50.13881767414342 -7.447310834429269 121.25212732824036
89.69346101001712 -3.176547455565327 -2.0275792830087336 -0.3840713066654181 -37.002092697760055 -10.14504346908537 56.9652908376782
57.87218634481956 -4.2273177927213785 -1.762831536273603 -0.4486506961537204 -15.58270126925621 1.3805474076263784 -15.514545174543898
-50.05401331830755 -17.71652102663245 -3.2650697373754323 0.9452570939312496 -23.36334351408277 -15.150619363701818 32.84320657751723
-43.190537128525285 -16.49056504091565 -3.056092045146326 0.7845950128017094 -32.23816743658931 -23.429249443145324 50.53376210277738
-57.41440795190235 -16.789750597101587 -2.9997942154086146 1.2801742212444651 1.98760357998206 -18.06985361858615 20.72182608635717
-19.020468751287208 -16.056142179944985 -3.3477421763242035 1.2869252091581476 12.613207318852782 -15.511010399749155 -10.252839357417272
-16.115289815637794 -6.327731630061557 -1.863361515131088 1.6870693902473106 -0.1007010257933283 -38.09227519040652 54.50546854592656
9.90713544580849 -5.269685444136908 -1.794080342765529 -0.5096499807314776 -31.624057995134503 -16.7646729361136 57.73384826644449
-14.466885336037471 -5.9527734814742645 -1.9062644023341904 -0.1938844697993137 -15.345336746604152 -16.52457331570897 13.908667387011048
-3.06346461591426 -5.618603064204528 -1.9255811366502469 1.9155854785200572 41.53310552619531 -23.794717002805733 22.033500376023177
11.026649571430996 -5.3121451756760605 -1.9442219595549644 -0.4396246052325847 -20.185969488470644 -7.842352585608951 4.466979340635636
25.56087027985368 -5.356879080282927 -1.7677903366440393 -0.1690992035618926 4.782981449524332 0.1715537840724053 -24.260769775266613
-55.941966606050045 -17.536968147690118 -2.882561789063673 1.2120140527644652 -5.256663436287852 -23.118336953790912 79.19954848997205
-31.79563848798794 -16.463959886547674 -3.08929327316106 2.6367873748983017 -61.08208325413974 -10.821915157077669 136.31138224698464
7.301178235311124 -6.043685829569717 -1.9355948622135877 1.8584121553365889 36.241487262112045 -25.68395917178584 21.860746583017598
23.41140657601385 -5.040855634539343 -1.927485137987187 -0.4347265499782109 -10.446272965789586 -13.48014249286958 -11.891512680633753
39.94371943191302 -5.8146520831283 -2.0058166774705937 1.52015961848609 5.459355248664758 -25.914147350404647 25.68810091775374
13.180638132600851 -5.786826675240064 -1.995843203291452 0.0643507953642948 13.296262020373954 -3.735374748459859 -25.02365655991293
-20.403768501089363 -5.972552142949066 -1.9391333506842292 1.7550729669189724 4.423800666051019 -36.719439365902446 46.512776165063656
-25.99260831688561 -6.448150450204113 -1.53443863616028 -0.0487781574289125 -12.23723459981884 -0.1231599033156025 5.721680533012835
4.998599128259682 -5.101224270130723 -1.9051207233340504 -0.3916233578623564 -30.55448093124041 -9.15106744998813 31.32782860039056
-1.04926706109224 -6.588813707328946 -1.8969138975640651 0.3210825090962746 24.070746980871935 -3.6117851376197176 -24.049934763389373
-72.11569444802382 -15.639541406365296 -3.084634880448513 2.9844985492093583 -10.48724771967476 -35.43448330628041 167.44224191840686
106.79702889074548 -4.342681849209618 -1.978775226194976 1.614621330128492 -20.478883354486385 -37.517613841148254 81.3370269224582
-19.103271734031484 -6.684345986677694 -1.7637808985462813 -0.2048603445964586 -20.27651573697566 -18.00036677019278 36.3076442292865
37.1766950058674 -5.035027049372261 -2.055955185479459 -0.2493598453194735 -7.40212192432001 -5.276705083323714 -15.165660146985418
15.051402819197884 -5.139212321346549 -1.9481218328774137 -0.3800605148900621 -26.07688472950039 -8.118659309680346 23.55527504886014
16.491858325444696 -5.986762703866231 -2.059879219957805 -0.1812383271398908 9.444851183792546 -16.85124634599834 -12.179824899190937
1.4272899478018866 -4.87785231497066 -1.88301683993146 0.352267872057315 17.72974314904931 -0.238456266947155 -22.52741996731892
99.76828429363486 -4.805899590675506 -2.003733885816481 1.5102015619125655 -15.134919493355936 -30.329188980204325 36.64168054235358
78.19146837105981 -16.90993489240182 -3.137238002035766 0.6470478438315311 -55.09837725692528 -17.17389074603805 72.16901325122498
17.511390715967224 -6.642152190697639 -2.076348735513831 0.4866494322225158 48.93921377321784 -15.06556862996446 -17.61485777282477
-10.005218913031612 -6.189663415291355 -1.9460763766198792 1.7244913572020484 2.100853197633973 -35.70402226865616 42.750519842434
-29.09619885178812 -16.319898404463697 -3.1098939048283785 3.173921594746552 -60.622878719498175 -32.945511818921986 128.3681558264188
197.96449258654047 -12.761006194920276 -1.455950673235227 1.88330110750956 -70.22552429285172 -31.148571356255545 212.72005143782664
287.83680240795024 -4.443637774162738 -2.017877874578072 1.632093960539916 -39.674396679057445 -30.090707554376998 82.64794781291468
-45.3239445844431 -6.763539695111973 -1.784875203863016 0.8241403228956383 -3.5009005019460004 -26.425294562504504 65.94959213614118
-75.5621282764813 -14.778604846596258 -3.100450565144611 3.0484414910484894 29.065491704373063 -38.75690085381135 125.3788999345952
-4.834705661989868 -6.297016676551682 -1.8109925849232171 -0.2458044724917831 -4.358793333013455 -10.40941600814929 -15.33443407067706
-26.61544002946601 -7.168298052381694 -1.8279526773860333 -0.04418233138454 -6.481924919899794 -15.625261679382868 -0.8545737065828023
-15.96679677544044 -5.300586890608083 -1.447059722093928 -0.0706408887084642 -26.64721803739325 -3.2881462221627342 40.67415673179728
-31.522226391508017 -7.686759765250163 -1.8134816539778316 0.2090961847950484 3.707274138879209 -7.589307408586024 -8.095299228840949
-10.25773296254169 -6.452181719343531 -1.805450556567349 -0.3146984499587506 -15.15060993417875 -5.216022786675548 -4.122146186257295
81.08594724316322 -4.552558955752047 -2.020265427490173 -0.6032209574024552 -21.48748159788856 -2.703371156796396 -8.374887945290395
1820.5961901130456 -25.56124899690764 -3.0105853737979325 2.728856078686154 -25.485377330878016 5.238553647851628 258.8421787234825
-36.23208535135181 -16.799553430425437 -3.1074815184765234 1.0811146922570316 -46.3901826302305 -16.348133919473202 39.06964680776411
604.8380376411624 -5.312562711356142 -2.139967335102106 -0.372103026443786 -35.72182764133686 -12.036106106964956 40.2303787675528
-76.0702948539052 -16.909640442985175 -2.948967354743813 1.5183856760461751 17.228081197762094 -17.685726252706385 74.80940440575984
50.44648077840866 -3.941245463562384 -1.6220031696577506 -0.3459379611048566 -30.05988944240523 -1.818420997343728 12.793198006076045
-16.23704613822161 -6.330645963077099 -1.871962872025683 1.6862741846811482 -0.0102948876777643 -36.71964164022463 51.78596548713747
367.4361457600202 -5.096792457319388 -2.121334613845752 -0.0198369699353099 -31.776041923843085 -15.416312304590967 66.93855448744429
-20.76123106721265 -7.392696393155241 -1.937025774625449 0.1178727669468558 8.298884172381879 -8.745507434056101 -17.038862356322404
-81.00542934707853 -15.371189852122455 -2.56436737929714 1.5959536515125758 16.93967271377088 -22.12141110082883 160.51870102306833
18.14993678340709 -6.098330650831514 -1.9494425960846395 1.6339268424769302 -5.814618570317997 -33.817814214508466 33.582202079395934
-71.04407318447696 -17.625710669307725 -2.864979493164746 1.5222721693665755 0.4753423112518379 -23.945431038374483 91.64483388372014
335.47368767103654 -15.574732332329324 -1.7620811434592814 -0.1310004784960085 -54.91922813105064 -10.345851302410344 153.31783896584318
-13.88539565554026 -6.838224542964359 -1.9135128316157743 -0.0522252591762787 0.9360113721931962 -10.698061465872494 -17.474334548891264
-61.10699866014273 -16.405987169088704 -3.0980214054452304 3.104648880525336 -24.557639117325312 -39.48436921599967 132.73889378242654
-58.44786307894043 -17.18676091763645 -3.089692854456718 1.175014800124932 -0.8086084579147816 -15.675158821548084 32.45136402624923
513.9164786130085 -5.075051249043392 -2.136135480430253 -0.0785613110517387 -39.209358215380696 -11.669180486565592 59.499538877148616
-36.76765913181732 -16.67636585317337 -3.292799400295859 0.937915818247302 -12.99109284985878 -15.438129837728455 6.269984251331044
-85.78810638871175 -14.235842887614906 -2.69440595357009 2.9430277363718123 39.88406336599984 -43.11803356738968 313.5245879524229
-61.19455940572607 -17.196386992577747 -3.280193265983101 1.236350641937582 14.634053294377324 -10.779457214983056 9.931575796391956
-47.91099772550166 -17.205261114763207 -3.2234582693112763 0.8704596112882875 -27.57280548091193 -14.168403348945738 32.67646440213743
-8.296285082579052 -7.052228479612345 -2.030338768928392 0.0464034701085251 7.50414303377873 -5.423758515534495 -15.75606217128515
-22.179826179068534 -6.669669661050325 -2.0049071067836945 -0.09626922943569 -14.242000225853198 -11.53689307987255 27.392895503124592
-41.09083505095759 -17.001964706195576 -3.209071945949665 0.8921572189283197 -37.76118977914752 -18.00733680621058 56.1731516020632
-45.934155335955175 -16.373476761460765 -3.020325040376411 3.1470961282516208 -55.76287375641857 -41.02723065510768 182.0044742251808
24.620393499230207 -6.172902469367653 -1.891994505622894 1.6190617080510408 -10.35688747127508 -35.86685309799545 57.21862222452904
81.57590990227685 -5.22676248026351 -2.0022953422087526 -0.5219534722298759 -35.77380978043062 -10.794141768898788 63.90890820684972
-55.6974158669901 -16.08394817267197 -3.121161563246337 1.2009252795855054 0.4671684617373828 -15.409378790325793 26.561930779573277
92.82490210750336 -3.185981807577525 -2.059150792608361 -0.3586780209903396 -35.9276083962656 -10.052806378180138 36.644705084370905
-2.064461484385234 -6.871306269916971 -2.0354507163668143 -0.0512996567468328 3.4800405551584257 -8.432184509029303 -18.338891326673423
-55.163364975131934 -17.1832521733087 -3.183850691840964 0.92066757492451 -20.399386370041164 -15.588905679340096 72.91866203474504
17.267354059523242 -5.786211581392682 -2.112952845229767 0.0403925159425596 8.260797510267267 -4.17026454110516 -22.735924061644344
40.98482515298492 -5.340987198003965 -1.7075297869567916 -0.4425448302433882 -40.26671342315362 -8.74065285032422 59.2038792165112
-69.12539766794087 -15.762997304683957 -3.1265868323308923 3.023027477794109 -22.81464007289633 -33.59976530458491 147.28499907940744
-67.0785741536065 -17.11329842857793 -3.1572494800026063 1.3857968851922202 3.5629586142864342 -15.30975306793051 65.12605002736109
39.343496629165 -14.747027762538254 -3.358552151858014 1.585076170223502 43.15444329783184 -14.907572718797924 -15.93211571150139
-80.42366573351717 -15.01883951616336 -2.9540906971026577 2.3785237591504584 19.04948217117802 -27.485821642958182 168.73544291466803
604.4776378696471 -4.156416845057163 -2.0559665745097653 -0.1926915913821435 -37.58262457222518 -19.22473324223098 55.387884850988605
-61.71747886190599 -16.261539880892357 -3.10871005910378 3.107485085240662 -8.976255914861596 -34.36400826228823 108.4054547716531
-67.00143867208908 -16.006997051365115 -3.1432030055437203 2.9655193772753825 1.2153959180424414 -38.16951026908486 103.54628258519224
-56.38654125493787 -16.18347118382243 -3.085609651017601 3.167034628058396 -31.745059651570763 -39.52147812601936 134.8372530118873
-1.3596067041495417 -17.224157596315152 -3.303331695918809 0.7019206541266115 -35.17433196413734 -13.886576221498704 13.123593737729044
-47.40677984590411 -6.445653959467527 -1.787908085557976 1.5099502097156936 18.71007678789686 -30.687012256106485 55.23698012048548
-66.50525110482727 -16.973696299471893 -3.012366811362213 1.2246775275774844 -10.5277436318789 -15.800526760803876 72.37686829529972
61.916642143042914 -4.374502934168275 -1.6814215063132434 -0.485496661863239 -32.69130593240905 -0.9431800053547368 7.451619485256762
-7.182145942952713 -5.477791798261076 -1.7119960225178914 -0.0853871376701323 -10.04247834238607 -1.436729351426633 -11.104955560773671
37.82929125052784 -5.961981015333109 -1.97918195641546 1.796360159047595 40.59099619286416 -22.65409210014203 14.182040435011393
-75.82342493850025 -16.303605429558196 -3.034631832621134 3.2622659152930367 12.970045132813944 -53.26615035701558 161.49163304941624
-11.008304668272814 -5.434385165865006 -1.7958632369579444 0.0837588069201512 -0.5397041348124461 -1.328917137715039 -15.959920359375811
-10.939597779828626 -6.149236797625424 -1.4240041218574218 -0.0626316502297501 -25.029965351314654 1.6886112002770146 25.095158428857548
-40.372001484329694 -6.310801943363839 -1.8594471715696224 1.811876352162248 8.024667207048227 -39.292975566751934 71.830581448078
-67.41733551658113 -15.396131456027357 -3.0274977586482787 3.000251395006986 -30.744561673938755 -39.64417154923776 185.5743270155681
-14.569433574011304 -6.586920970059798 -2.0479639208178377 0.1706079045966329 10.692170611683862 -7.597398381472454 -15.401513465851078
-24.489082225065243 -5.895440296342062 -1.8585268174301668 1.73861726751823 -0.4038093193943292 -37.51902976140338 85.67126438646679
-28.353630626279667 -6.377734192532436 -1.5134239174501076 -0.1764851959086457 -32.151459477076386 -14.634926598084514 85.90510018243975
86.72444564948069 -4.895523042911286 -2.017295281428809 -0.511379691865915 -15.415276645949875 -0.6670755556055045 -18.286495047656917
-61.26903222997051 -17.681867511406818 -2.950937671606697 1.4425294895972542 -13.80654730456738 -15.932580990153324 40.07167485441801
-10.068459512617192 -16.627472577214085 -3.1546209498327684 0.8206531646263144 -40.64647076738305 -16.44274492429825 20.97673875517032
-25.70191540615972 -7.405990126209988 -1.8129128425513128 -0.1711728658500279 -15.098773951487102 -7.65585566057686 9.645007067983254
-82.56848192290748 -17.333050762871107 -3.0200915990450503 2.133636336136121 24.59388930319685 -27.725859457319974 184.77429606940044
10.03974486481686 -6.464844704172092 -1.851512189547411 1.6876676862061983 -10.376713055107626 -40.84118322856931 82.39407218248522
123.51754628698556 -4.654855449225849 -2.048930955244195 -0.2914103782407633 -36.37907984250017 -18.92476042246681 65.52305797041859
-22.93803839902709 -6.894705273885024 -1.9967049156013992 -0.0564823196561424 -11.662095781288912 -14.99416579424176 2.376642811092774
90.08027445077605 -4.5726481078096 -2.0564573031054825 -0.5322500144938002 -3.937202331995657 -1.3606742062942556 -22.65679796650761
49.22731179838902 -5.198681953631213 -1.997714189795452 -0.427141978692153 -27.634966606834837 -15.585615912239398 49.4010119565391
-20.724380657204616 -6.275500729093177 -1.748719729993746 -0.0051838981157689 -25.18515966543904 -11.935373494528989 70.10690080853013
4.982252899099676 -6.232585502864244 -1.9164991140724577 1.6580751834846277 -5.037807752249375 -37.501229621053234 57.37288618812945
-75.81004455040637 -16.021768322921776 -3.082136601675181 2.889062719896101 27.946057593610483 -27.37683511443182 120.84485057030088
-57.74139710303107 -16.582734911618626 -3.2124140186492567 0.8929505144811657 -16.353360539933252 -15.064700535998536 41.91410485406094
46.93931972755254 -5.20795703302479 -1.547386884649298 -0.5060414675458034 -30.05960076856551 -4.174512301870556 22.034089140918987
-65.60905959625136 -17.19735799323442 -2.968409489455796 1.5613304691782326 15.21011754087833 -24.490363681006336 60.760404798535546
0.2243441212934958 -16.578780033437212 -3.30566410922118 0.4567619074767329 -26.42396850472729 -15.714942247605254 1.7476250325991982
7.473751488215671 -6.30215501468173 -1.8864143939656968 1.6152449597639638 -5.39129748534016 -35.62392163708058 46.25089099473175
-57.638941579635336 -8.493955763447149 -1.5946725845787555 0.7507464301800992 7.953237682484445 -22.57864377797612 68.98090698569058
-70.1202144979036 -17.212933875953592 -3.110973332079966 1.6146666646427434 -7.215791638595897 -11.362167396643985 92.11644086372728
-21.433407992606604 -6.492876683350214 -2.0066038026532653 -0.0928370193007714 -15.45201909000362 -14.107597440211787 42.0390350209927
-1.4159522042433028 -6.240284965968383 -1.878243792747492 1.6678730444054215 -5.923855769711285 -40.51370110099125 66.97528713881785
-55.66186418153144 -16.84991159699761 -3.228786125323284 0.956679216088623 -10.63351930682435 -14.669206476959582 25.04339634688383
20.50565560469849 -5.324774194335572 -1.568715830457163 -0.2917107624945624 -25.96271877892281 -1.6385991249429372 5.413378683965503
20.21171157664659 -5.4974903462924205 -2.0809950316279244 -0.1541869789099985 7.210313661372875 -7.70844698433861 -23.86003922517088
16.852119493233044 -5.30404476821428 -1.8930444694937767 -0.334424789728043 -31.45341271939009 -5.788256844067916 29.85839135926232
-4.36695401208899 -16.80652672328821 -3.33468474193143 0.6804508970054819 -20.789959956830867 -15.284345165574686 -0.2630526506334174
36.94584297970968 -5.676788175515519 -2.094775810612187 -0.1787261528411667 -1.3376179647105433 -12.01972188686994 -15.311584558119865
-49.24883644276485 -17.33913767904497 -3.30299554070505 1.0839148806083252 -21.90232352942821 -13.499774339581505 29.504743596695107
28.49536999171158 -4.9258353803139725 -1.737021950738012 -0.2520932384099045 -11.251571142890215 -4.318936167893204 -15.418131379336527
54.63344604428848 -14.213290968517065 -3.3268112433852544 0.9668871010253536 23.560752680842796 -11.095050107402963 -15.25042866332802
77.17928728502669 -2.535818345422222 -1.6319290208863364 -0.5145917233169329 -35.17171912131379 2.8607908971977585 7.469996553307597
-9.486739409095376 -5.4123646749962 -1.6927068746219496 -0.1564997124884276 -35.27779556527905 -15.043318454526784 65.15445113388208
-10.094784122965876 -16.773877505845366 -3.3092837687066665 0.5752987548057945 -20.178208152739035 -12.940131858743625 1.9036264086287265
113.66992099496834 -4.671084854683083 -2.047244671594683 -0.2197593315094307 -20.7131449870836 -22.94900806185221 66.5567132636715
-46.91623676865566 -17.147081684533656 -3.0233750491795868 1.3792326241698605 -46.05397803256519 -10.980380232296993 86.34075400479136
63.59408293665652 -4.690243303150534 -1.9839210359048756 1.5813436944290358 -6.577252952424992 -31.972263299115035 27.977008919044536
73.27341572916441 -3.861626974449349 -2.1163515768729515 -0.3130191077496339 -27.66357049475629 -8.44634371158055 9.797768630153453
465.22342364718014 -20.382814480497764 -3.051022713231785 2.9777878224896512 -49.20816692608273 -14.851073567506662 210.5007451537772
118.00685114640618 -15.703693665669556 -1.8231305041571892 -0.1012375223747263 -38.91037385608446 -12.983592744352288 25.577415802465914
-72.52040839787848 -17.785076373109007 -3.156491989803641 1.6182327150613016 15.97651745950076 -16.229452270311047 66.42137429396553
-74.61613872467898 -17.51575049708556 -3.063988359954314 1.9363137823668524 30.39991827215416 -16.39493795012869 50.31948412413665
92.577669921588 -3.847826864830946 -1.9687861394159083 1.628585216511527 -20.926535577253343 -39.95926718394902 84.31155204971019
-34.111830674665505 -16.889154253724808 -3.1141184928852965 1.0763340717746892 -43.69753151803284 -14.64881329217396 32.318147764396926
-62.84228077987072 -15.182482265417049 -2.940775970539488 2.6432109328914453 -40.16498845051946 -34.459287896122675 216.3956691946575
-30.750773139557428 -6.191406126131959 -1.876891268860746 1.7551467778842174 4.720872857505 -38.76382593997975 62.12692404610699
-23.67249207083588 -5.900225744488715 -1.4965933664020976 -0.0378916564479722 -34.37555514755649 -17.08244589622793 80.16431782924218
10.178916561474606 -6.608187514932671 -2.0472267532055426 -0.1891262126656994 -20.881858792857656 -15.692416754340185 33.251198502985375
34.1483667122479 -3.150317901197108 -2.0274470834664537 -0.0212891112930452 -25.282832678607654 -3.4436951759042405 20.628588520401262
43.34825192711104 -5.297251725316351 -2.060196802070077 -0.2246135843600548 -29.8895079529482 -3.7970684167188296 11.99273581068573
-56.54189647740742 -16.124480929013156 -3.1170504833805857 3.17250781195185 -27.47782751457184 -37.715511171726526 114.43310832032384
-57.26458067096225 -17.378374121089454 -3.041768735920932 1.714654424045267 -47.55415764231834 -12.915392585397129 100.3471552751126
95.94592282347976 -5.34940204043351 -2.014730258089051 -0.4795371337879582 -40.019329665321976 -11.852643296765269 65.6610480628938
-60.33251378155813 -17.21881518331236 -3.0616075047566667 1.4782609497563883 -27.87287829915581 -12.981921171828894 78.99770021602448
95.483654857626 -3.7871720690138737 -2.033703988887197 -0.4242902672270464 -29.33577765365053 -20.11939256914739 50.20274814105069
-28.475964170551453 -16.190240205127367 -3.0617790692749955 3.1562124069037663 -65.10139862357974 -36.88540825660085 158.03597472160382
1716.324718950856 -25.36807684664684 -2.681160952859288 2.3906068599126087 -30.82777244336528 0.8954739175261348 279.5152065247189
54.92807325314067 -4.116490465501427 -1.892449232845124 1.5858628993425443 -15.666244719229452 -38.88478598463184 76.89684362313278
0.7129529318112807 -6.611705140147339 -2.034351795900258 -0.1885728696799249 -17.787591658192632 -16.659692562912237 19.28032246675222
101.1068385832695 -4.768409735375578 -1.966196693269991 1.5362737593888975 -21.07563762898136 -32.57180438999907 58.614464924804125
-80.69632515128565 -15.855563795012392 -3.0270533390142766 2.640950330868097 29.493084630925065 -27.13245121150919 156.03078929232956
-70.64932971815212 -16.006019359395044 -3.0359665471367294 3.1691753340054225 -6.154559288351993 -44.782919800706665 173.49341164467694
-63.8242666701922 -16.54752652441478 -3.119104436254459 3.147145492458816 -13.043305123887324 -45.04702825940557 129.30584610935867
-28.51884796290118 -6.614715485872993 -1.919767986954088 -0.0118437130146654 -15.455489017036772 -17.72608278934301 23.85352020375785
-15.204962092315847 -16.460611407773513 -3.357061262344406 1.0200457368062077 3.752453056222079 -10.458180975983511 -9.096311376281452
-20.026711848196665 -16.783136756674455 -3.2084395277744484 2.9832914179205194 -25.230355089831946 -24.167415869483424 33.45978673149227
-18.800635334068865 -7.442242501422207 -1.95105584556497 -0.0742726215283875 -6.767646827474148 -10.0663587577649 -9.107576214961812
-27.54961700356449 -7.820212694605009 -2.013942867819943 0.4707641196434053 7.986628760031388 -2.6511843816789677 -9.032428366619277
-70.84981895282291 -15.906055413989748 -2.9680734519280034 3.0055973638243705 -9.42251039823809 -50.317830740223926 190.611134890244
13.853346553265055 -4.11890373974748 -2.0153206496947305 -0.0584571119513817 -25.16745177286869 -10.544130706708264 51.24939831870429
-8.243582751305125 -16.399214013818792 -3.3213442449610056 0.7632386518289472 -8.212455564018986 -11.118117808226032 -8.097969861817386
-35.949884812125184 -7.264043679899906 -1.5761765062468445 -0.0792741094147126 -10.785943867297052 -8.499137309664446 21.060132362809437
-15.844545491606487 -6.634512346995327 -2.011617364048236 -0.1351390290146976 -13.3943581640165 -9.236022665295566 5.430304001728867
-10.7611274820744 -5.80581706809055 -1.368431330321518 -0.402444309711621 -30.90783875304789 -11.43879003362466 63.958522803610514
39.99207721865447 -6.038090101676509 -1.9474085804699144 1.557436414729865 -10.001921500002435 -33.80850959568909 38.18280284227161
-45.29202426992912 -6.303787715296767 -1.8355918650906355 1.8488000328384249 10.09035476774054 -40.3727158984453 78.39513955241756
-40.70230962834058 -17.255427433843987 -3.2967426013757746 0.9802457611360844 -6.087930695355446 -15.748039383568788 5.933942595976753
-23.294349486664785 -16.62656759098579 -3.3386463009428824 1.3433510766935488 16.446841717200638 -16.31269658197691 -10.621580077215274
1676.712516336436 -25.28235455068156 -3.0377638217540714 2.8245670402552423 -27.457581855102788 1.6189305056582497 262.6028969920683
-32.40012010888649 -16.615239684403765 -3.215980338631334 0.6415765284315661 -39.54052200004983 -15.69956378038987 32.851122502020125
-65.06748468147121 -16.286477485440297 -3.034315672963039 1.0036242443348145 7.979405915345697 -19.5033942146631 30.828625627204968
-28.445541294299748 -6.852036504793936 -1.4232114061251655 -0.1448768122727163 -20.26177584827995 -18.262109743068635 44.879474164254006
30.195984386737223 -16.414686800000652 -3.311712589511117 0.4318130977603395 -17.84991085114692 -17.89968753570294 -7.551784902330221
-13.788128302474052 -5.03816160623883 -1.6641105598276535 -0.1483423422482809 -29.84596913918609 -17.495085513435598 62.23637203611343
21.87297573385277 -4.256438886400413 -1.7501818868757306 -0.3516810440790187 -38.04657233395133 -6.706582266677101 37.32741550722961
-42.13989233800445 -7.270841953586259 -1.4285001744908363 -0.0294977295320119 -11.037877076954546 -10.874242400474389 40.49126806977415
-13.683608760760416 -15.868595995346553 -3.2718120259418124 0.5555292985847935 -16.184200531167072 -15.171346862992111 -4.050249423988822
-45.64932964460471 -16.072580501178575 -3.0838883281707505 3.079807672018629 -52.53068608134595 -36.61929391087384 148.21856860005013
-56.31666305210905 -15.898318550856873 -3.084349062770237 3.020961885598822 -43.74290079723201 -37.92044596309668 146.59619410944055
-17.59732348349817 -16.02517055243707 -3.2685034182827546 0.5461211984669021 -18.448479407387246 -13.880224245909757 -0.837163334315024
-61.05418554932661 -17.066448020988645 -3.0489271730559486 1.308521759892826 9.672174547568131 -15.006864126688496 28.56914122563177
9850.188246695296 -44.15098328063764 -3.012227577294337 22.11289282213255 100.0 46.40905058495065 512.3703398011613
-63.28629479168172 -17.085608666130568 -2.998918755496779 1.1321067591505858 -7.450447381941819 -22.8682697042887 101.25539478696176
-44.18164821087646 -6.430193821001995 -1.8589057973351188 0.9926276253955176 3.8240649280868335 -24.60421884009253 41.7108721943606
-41.468878103498135 -7.52548155539937 -1.483846690522783 -0.0365241057023796 -16.054215938429145 -9.746360780106803 64.29498173577151
-54.73171209474813 -16.66199049406362 -2.9451132320858946 1.1940518057374647 -41.912444597203525 -17.9846034198922 125.17255958335558
-46.64074970112622 -15.956031866441124 -3.07262762191364 2.408440898797212 -45.95136433550007 -16.512950970281477 119.0138852168453
-35.99271578834932 -7.445576548997505 -1.773440375330481 -0.0195594669419505 -11.685499041470186 -18.94660604926015 29.65115756691004
16.69186300022432 -15.656856352908116 -3.178614298986852 2.8987599737112832 -46.90810169288466 -22.59613769747746 62.62090935317282
45.4644675621121 -3.7847863726498026 -1.833464204385845 -0.3767049667059111 -2.493793588885728 -0.8695521520882783 -23.97877436948384
20.21782193631864 -5.798560702899807 -2.062551066147736 -0.1580817693570026 -9.861805668635162 -15.172774020709584 -5.970570698124921
74.63913600621717 -4.710484850753838 -2.071870600833664 -0.5479292007561208 1.85732936856698 -4.278683577783265 -23.106176087776127
8.87950555672849 -16.41130790904219 -3.058457877448293 2.8975420763991195 -51.16900360254812 -32.08398334035614 95.11737764595884
-5.468873525121269 -6.0079037850780965 -1.8859027393264007 1.780868664115505 -5.391578758216823 -39.42182430996825 80.42391739309792
113.96423344539328 -4.538090359749652 -1.9994585921826389 1.5354274261367806 -20.14442222308517 -30.913154948282017 46.02233906755095
-42.98203744167824 -16.16514253160832 -3.049674048741549 3.12831234576946 -60.463361831238686 -36.09241425149485 174.88504348244163
4.541997417311563 -6.387374792539506 -1.9547588891188048 1.711805227191925 1.8135175898720897 -33.444415815799964 34.54492529928993
-16.661703647732462 -6.672264578318429 -2.017414478295344 -0.1572168806952898 -15.74682909001894 -9.84972295873088 16.58939209700725
-56.03198566829042 -16.164690577517586 -3.1282810740687683 3.189999276645432 -27.407924408675616 -36.22814594039576 107.38951126287
-1.279969540410069 -5.668493180700177 -1.897678604557527 -0.379460865929199 -20.10316961761257 -9.244720461148493 15.557040202781398
-57.77491710767859 -15.89410910848732 -3.029318905655991 2.978727293037765 -47.28040812540982 -37.87598213397396 177.41678663757966
-19.63627831854341 -16.137592571742104 -3.1689755488025884 0.9288890390978792 4.830387316976522 -16.399618353194242 -2.937857139088332
-55.77643544454009 -15.468977086332986 -2.669681513549772 0.7100401044511522 -3.9333695763749073 -15.540764390665888 29.90941180910449
-29.295465291134985 -16.74294280556731 -3.2973892074121154 0.8026721088735471 -20.425880903036653 -12.599465378472535 9.367289958980226
-47.82041565336976 -16.51238508134949 -3.2497540551043933 0.8416429499685705 -10.744195466701148 -15.013550416782156 15.093060611755714
-20.534940455288584 -6.991296271394016 -1.8887712607298208 -0.0467659859201131 -2.187155834033756 -16.79865502223659 -10.32629167345387
34.22523704768974 -5.3359807352439335 -2.0133668874636523 -0.4408647919066414 -16.653329814097578 -18.14418381324897 14.83767896887381
-66.52867032453706 -16.284045515155373 -3.116747338605061 3.2306050415973337 -0.6795765909030623 -38.20427897757182 111.55904464920216
10.975526959589724 -16.136003375376557 -3.12082740972816 3.11535551822051 -61.51842966505466 -32.539654010237896 120.95278201668032
-42.38596111639645 -16.78743972968994 -3.018343115929345 2.792896080764126 -26.60697297083256 -43.31227029461001 108.66098664382793
-76.86462953532015 -17.916007499749185 -3.159419117631264 1.656567772211026 21.319318634377264 -17.313299894490488 107.98523151982636
175.09550070747966 -13.85886521757996 -2.6492933089618425 3.155620912514437 -70.20204347240698 -37.90573612489068 264.0328807641775
28.187937655662704 -5.441423951457956 -1.75782613600399 -0.5359911991896259 -36.54666507396141 -8.964570524956025 28.19534261743632
194.62586054764765 -14.739852136141698 -2.9890532910145544 -0.0611080706317046 -2.058136186813395 -7.18791649118296 25.040881486519577
-21.95000746610731 -16.4978845116009 -3.330994915012114 1.1383079234472255 6.661478756872766 -13.22396487321876 -8.486865925831452
-5.813469111167403 -6.3547834171081545 -2.0655036609587865 -0.1192649941039583 -6.19667115952015 -11.234290693920276 -13.143934552699276
-23.51255935507034 -6.413945920836478 -1.9082119303845568 -0.1637461428042094 -22.00776835987149 -12.23595313725964 33.73401447594027
-80.26796078453143 -15.501351031852804 -3.107681141753653 3.3487561276231235 35.12219817047662 -47.741937481648165 137.4516655254681
-53.33989944936787 -16.691891117536166 -3.2484583225550168 0.971723304825796 -6.1310047106536025 -15.742690351493865 13.181340058354188
-85.06421753334864 -14.470684562077876 -2.9388578068316105 3.4132474080828503 45.607171073792735 -48.26213085093357 252.8223863428675
63.58543859425091 -4.9020790002272285 -2.022622392698308 -0.0098769798281603 -26.087799807726903 -15.628498068537445 76.24872977122902
-2.855098869990345 -5.899839139875368 -1.9012435145671864 -0.3107928993502095 -25.141662609071613 -11.10665559663694 41.59951536819143
-51.076329910335296 -16.086745527635703 -2.990272316587206 2.7613628197878186 -25.020315984470816 -45.82163496675402 114.30131297814128
872.3738329519709 -21.602902177001926 -3.052497071365766 2.410209033019645 -21.0111500989585 1.3925995859884517 122.57499183260856
49.084506251500976 -3.4334907679538698 -2.015561705431287 -0.3419951383905195 -20.458738876214728 2.7133329163426807 -6.208389071667517
-41.16033666111783 -6.281163568819495 -1.8822968863717655 1.8656223172897448 12.35754871328277 -39.005543754961714 67.04144068539199
-56.44744575623542 -17.20136809435881 -3.292320321550314 1.0370697274713463 8.795358827757662 -11.983992375352749 11.551879101849105
-75.89113281724033 -14.653042033918108 -2.9617838139505785 3.006556042768998 3.259850177145862 -46.68048892928242 208.5440702400782
-52.32410738200502 -6.397889624966506 -1.7488012319412471 1.9361304297562525 12.257835900360474 -41.73402208658627 90.50782016716776
827.6045328350734 -22.04380422536956 -3.0590216475825485 2.801458906129771 -41.84406053740421 -10.301721787792282 204.5273090463334
-22.59411848058674 -6.161120555370194 -1.6832447368206462 -0.0192248229640704 -11.325401445554474 -0.5995159320038506 -0.6247107052066383
-66.34746621494774 -16.775863121075552 -2.993905885603999 1.2036907593278598 -10.28297757986517 -19.52646191548617 61.969953104669614
86.58325260308159 -5.132105440002147 -2.035716762128287 -0.4156638859232834 -27.6984462635459 -2.7197553768914 2.101522902011595
-38.04707140544394 -16.85104752979221 -3.1056890156721693 1.085403953529109 -39.61683461128772 -14.861103002647097 31.85778719111372
54.64220673140445 -5.218358215015972 -1.5498234161111173 -0.4961645134205364 -43.45897986638938 -7.269713979572262 50.30382264405799
-23.73134852683043 -16.184954581617593 -3.143557308091953 2.879284469420055 -40.514469839667015 -25.03997672670377 58.37167407648589
-27.566210582397787 -16.683577662695793 -2.999983645413709 2.936997369869543 -35.400009992236114 -39.398784702801045 110.65165470272336
-26.421590653249662 -6.080039662254748 -1.9046747530943595 1.738128144838209 4.506014083142648 -38.20008740411811 54.5154306776988
42.04407917319856 -5.303983612104278 -1.7275404428288068 -0.5912915702752926 -11.397024556093935 -6.87163811356015 -15.319492598994724
44.4905876411373 -3.786892545564069 -2.02898090750161 -0.2390466550773517 -34.72710840414304 -6.0228950577742415 24.11211069474364
148.30273456556725 -4.387753344707929 -2.0028543180423277 1.610848635657733 -25.94114674919716 -30.3480004921653 58.46733465974044
415.2265766518238 -9.79383672938699 -2.5401323723607163 2.9236224030694147 -55.88683227609352 -42.96128782390873 146.2752499667968
-61.64735535917823 -16.52831136787481 -3.133787306675527 2.102909608331788 -36.125119761114064 -16.72557499525931 95.73924787669831
88.73553954489843 -4.690938476651113 -2.0097761135574346 1.5792231356027338 -14.132780513049209 -30.842965758492326 39.12319312128423
-80.66982251858889 -14.286889795697832 -2.569554121498903 2.5030699222926502 24.5061334528031 -33.074891532233984 183.96189884145127
35.52620020007631 -4.306483592987797 -2.0073429406119945 -0.1361149942252868 1.817679398116496 0.7237626835708966 -22.682682995329056
943.4353732338516 -5.129358504826986 -2.125377635982429 -0.0076806722161586 -46.50043681217723 -6.510173899859133 93.75729801952409
48.75020991398444 -6.005993066556392 -2.0763855174801447 -0.2848121011389944 -26.568315970816776 -8.531905749854483 24.522501449923425
72.90064331694481 -4.100458457462579 -2.047530905961659 -0.1880064725208238 -16.546253405692802 -23.217628361681516 33.50897153669661
-64.81533598731502 -16.5797990698798 -3.1241659793044154 3.1557344282002573 -9.691507828042916 -45.38869768319069 126.35347597248878
-13.757046671216903 -6.819943075772394 -2.005644795013206 -0.171184617452559 -15.446335259188016 -14.15513190591954 13.955617668302516
-52.7680107496816 -16.74568076117133 -3.020611583074144 1.1736678456392162 -38.13321491829032 -18.827744600700523 84.02249158531257
-38.48426099455792 -15.558992127150423 -2.9616805824659505 0.5638364404947751 -15.65981719730626 -14.742087038980282 14.790726393804787
71.6141453387239 -4.456865065702579 -2.011302940583417 -0.5218002319768729 -25.008892378688312 -1.8012276799600662 0.0450569346918245
599.1336924977985 -4.588390984505892 -2.0823906229217024 -0.143806790005674 -41.11674856242972 -20.2340012000836 63.20558087909116
301.81301992924267 -16.127286032703335 -1.865478278220212 -0.3086215656576584 -48.41232324430356 -8.306198509344686 85.32334684435932
619.1276426468231 -21.27513940713776 -3.082766647448446 2.326644153222284 -38.111123472507344 -8.691663133243148 140.9852099954614
1704.1124768434108 -25.124921335993605 -3.152537992705978 2.57618271533139 -22.24278060817733 12.102699057985014 188.38862522746996
122.9152187489287 -4.466174828280779 -2.008773413211499 1.6298220666158496 -22.960293641771354 -32.41059175523705 58.2759073118982
29.03573019283503 -5.761502623355395 -1.7623352403980743 -0.2724049791934378 -21.32985116969292 -2.25472671024417 -7.020838466783974
57.0713319071456 -4.67970207120135 -1.8748228730161347 1.5576132049680929 -16.992101679985765 -38.17176899901567 69.99294271673428
-48.8707667259302 -15.839746953445731 -3.0800947686931264 2.967103679280863 -35.75488480326584 -37.7145082282125 117.09166879644876
-7.964928626286732 -6.7118528547599885 -2.033909117564867 -0.2651787181274631 -21.02769941429208 -11.017048071919772 24.291481663587632
-80.2725115548486 -15.794410625465687 -2.9752247543326864 3.233981922272548 21.560845064647264 -54.85280699623698 190.4127338574316
30.79543084074884 -5.128101766203649 -2.08597397902302 -0.2855337083780779 -21.42305033695277 -9.149246981088655 5.367627981338515
3.2322841282249257 -16.538309260933115 -3.0647336609908287 2.2027671235524773 -61.145490995951135 -7.963526142045493 126.63355093168008
46.344819399998975 -2.9322905702060083 -1.9551567914939696 -0.2849278775925122 -25.73158176763968 -8.325383666928488 11.93625828989505
743.8144069699869 -4.759737778179379 -2.1803428940090144 -0.0221581171575 -56.253736715131154 -18.555569329659264 100.50298456487148
-79.04481558984561 -15.915558976272845 -3.077785674263512 2.159432587215563 19.090576179627018 -26.20272257398823 141.5646024449792
-20.020473110422294 -16.151460455561576 -3.1713304502715807 0.9307633582705528 5.306237936279211 -16.566441291030632 -1.206129647077253
-67.48635149233351 -16.966852754371825 -3.035583612590052 3.1982328158157034 -4.116874575986493 -50.44219573596569 144.15286444278212
-50.22628377109289 -17.127109178246393 -3.2463166518349857 0.896596514373087 -30.17975198935552 -16.072324453110433 41.57817948759886
9.62781394359544 -5.9236780197464745 -2.032142899192171 -0.082152346627465 -24.206957250006862 -10.09285669396793 14.636115549439117
70.03926499999004 -5.369471792048917 -2.0472325426447235 -0.5794916548976266 -27.56306019178178 -11.094519137307293 20.100284912301497
-42.6168935151288 -15.687532626192471 -3.0880357843153026 2.861369922520842 -39.92205789413696 -32.83217920183472 96.63060195013978
-15.78509291930382 -6.254403131587277 -1.9485134381392344 1.7366738326859874 5.613910431579465 -36.18523288107628 40.35891958144539
-85.58486777071217 -16.251995237080738 -2.6688292314442044 2.8258521982319627 39.76227026552407 -32.992315849577494 254.2234414609292
-85.1667747582812 -15.234378595732911 -2.8630418999303413 3.240022665480963 55.76976511039011 -41.70856361564985 241.77472968355585
-49.01493102398248 -7.126501840852444 -1.80777977681944 0.7390994727310808 2.0023132559653005 -22.508656862508587 59.42160017326359
70.41716950733473 -4.040303034883862 -1.7092469340020946 -0.4116259984502825 -41.0512944543239 0.8588819307741642 35.655179544006174
-15.097843812115451 -17.138498727513674 -3.29978547942909 0.6348941227800807 -32.79494230628956 -18.70872863703368 14.159321614294946
-22.24225875684361 -15.47516899980117 -3.01559752640553 2.709762608815658 -65.94482770295097 -32.32535841273666 152.21785667063253
-50.675940765030624 -15.832602111608535 -3.0699494243021976 3.098330781424316 -52.50500543976979 -39.25168632074091 159.44159940596072
-75.5489060763104 -15.117507447106355 -3.103927289403136 3.156870743389092 24.876735032784588 -39.94906637750782 127.97531005031958
29.899052052706537 -5.78210642495647 -1.8859648925321963 1.5914354744829158 -12.221880830258204 -38.55123562738898 58.70532284370408
-85.03711044711144 -14.641755762862031 -2.8979543966370414 3.351803622167549 41.38371863676185 -55.15669888099302 258.5304928652715
-48.32861712787227 -17.344591508114416 -3.2396425219480736 0.9049901477225823 -19.62328074766153 -14.031334402026078 18.96865036609403
-71.77999232117463 -15.616008366007854 -2.998392300675788 2.8990451522935934 -0.2048951344856529 -45.09316366105168 181.2627122606841
-76.27463343873849 -17.28141197241111 -3.098189224510579 1.3761180532982842 7.072979970648541 -18.266430547339237 112.6451577134816
-36.84146440309298 -16.26619890603129 -3.1261050011683054 3.054501149621995 -41.85951740780684 -29.68895422881339 99.74392582812204
2.5733141518368243 -6.204413539611508 -1.6086650155550253 -0.2585493147564282 -21.804489843433032 -0.502424257366765 5.314792192634814
525.1945232752199 -20.08490893101984 -3.1013885089833373 2.696197656373476 -31.406924954659036 -0.2672719297582842 131.92847580563122
8.822189237598545 -16.226516854295948 -3.279491215635526 0.4612892144064396 -36.002971919164494 -20.11351818570798 11.919809767927552
800.3851330396224 -20.008281388660915 -3.042832331757481 2.0824354725874765 5.186181134553499 8.806692356323929 91.94715807244783
3.850821443729037 -5.8065181160125805 -2.022806144993769 -0.2221816373104688 -3.8603684718105975 -5.930051143902511 -19.05438073353904
-5.11128334344808 -6.543693486478607 -1.727421043960774 -0.1372801231437021 -29.28846195428319 -3.818104946223551 14.201571557098974
-76.69607854850882 -15.825795600283865 -3.076872923299067 2.6269391299944687 11.356497532588048 -23.50346726318473 145.50720770770943
19.893334568357748 -5.236722132916686 -1.780640762846011 -0.3453766254376408 -35.11514441804901 -6.709211832865194 56.64087203121979
-40.488777347458544 -16.76016463713621 -3.1424954509819343 0.8242964509794526 -46.49042686448078 -18.61244605968521 106.9092428477134
-64.12304223473855 -15.70327493412926 -3.046083172909596 3.070989229489667 -38.8847570344074 -35.322153632707206 185.48523596399755
-1.826084539851034 -6.665764611630014 -2.0322507139133315 -0.0905906787980928 -11.96864947716304 -15.071434585307127 3.451085896925352
-42.158089725922856 -16.750066886403555 -3.161103053538376 0.8238241581291327 -41.923709582302 -16.058617558418458 74.53518580406437
-76.4209252616807 -15.590928429342917 -3.16477361240727 3.182153001709925 42.3227162263285 -35.51371584389009 123.84935623212225
-71.43092705695578 -16.701100211326928 -3.0052707068059736 1.2644270107194906 6.625420248878725 -23.520517302923523 81.08970440571595
-85.54435078948323 -13.342957997927408 -2.1641778574916937 2.6763145958566863 32.51866339875728 -38.0287638626137 352.87861358065584
-46.15211945014257 -15.372146209251126 -3.0213463693331306 2.884522294975601 -40.62086282307602 -38.889289397665486 135.74546005916898
850.4664061337952 -21.812481753405866 -3.0768374556265976 2.7051725042392847 -41.2130757123532 -12.62855074037987 198.8776353458629
-60.19573292412967 -17.383257666874727 -3.2144903902933613 0.9733782073206598 -15.030343247638466 -16.670078787482087 65.87904534150019
-70.25436680314999 -16.2365254717753 -3.145179923124636 2.9468820476653 0.0163145731888957 -24.120277524323257 116.25924254615404
-30.568816103331148 -16.344547238594245 -3.0323218350557943 2.9030326127834685 -50.82818427410176 -41.18402415780361 143.66918425302248
-35.57272291580028 -5.830179175318567 -1.8626977269974216 1.7834378136621372 4.966505235468069 -41.87682775803162 91.20602584425876
-37.09219804187 -16.010513703342525 -3.279132045730023 0.8733404131386656 -2.290443313706007 -13.27210616189297 -3.0424618199260403
-21.454195382666317 -16.994128786575317 -3.0287088631538186 0.9932034129570944 -56.62631304620541 -20.336840274835637 108.70579284710084
-42.93857858415368 -16.732432880592214 -3.1350414536273816 0.9776098839111432 -26.150307982349368 -19.89587944315993 15.28529234489084
-18.591411595715584 -6.664815298437978 -1.979952654016025 -0.1009462607845602 -16.16739621858412 -16.53751887232725 18.030428011366237
-18.941881254591124 -16.56628904505799 -3.075603839480049 0.7992747405136541 -42.84530280080771 -14.551193456806768 29.2627390185635
-5.1826019624098665 -6.710409687062023 -2.0351714475459213 -0.042933034000205 -12.750401780425902 -15.498233405066014 24.650797611729253
-51.478804246051965 -6.624511750823641 -1.725934133555949 1.6688515220781714 21.517478203397804 -32.105966626063214 73.3271515145625
-65.31756686417212 -17.480984647401943 -3.240751675397352 1.0350863552775948 -1.6499006968992578 -14.474301120729896 51.63765322479027
218.58977404009556 -14.514555095565902 -3.009915892181708 -0.040585467651374 -5.302955829474054 -11.099396195963832 40.55496029241112
-32.449964184881274 -16.364780789002456 -3.038662059506714 3.073471586238182 -57.35993877458992 -40.5668795821604 151.9940127592286
9.56840774883278 -6.265257830770871 -1.9056066562291207 1.6216439444395552 -4.661662111132469 -33.89144206777495 29.20548954904756
-66.76369874756209 -15.64456913795741 -3.051044660178151 2.974433542471778 -24.080621190110136 -39.84108279249551 172.62177540980383
-62.67716504729972 -15.461279317425785 -3.0791861927483826 2.7514502903533327 -34.29013716234492 -34.98081852342676 148.23476576703956
54.71838058969058 -3.2959184197463127 -2.032650171696781 -0.294540631209731 -35.96725219924679 -6.347747619164178 50.70149388958247
62.00911931162529 -3.275798413691512 -2.016149281966376 -0.388686532793124 -36.28403885124936 -6.942029577672058 32.57996021635504
-65.45055848880368 -16.873374861657762 -3.192132218214232 1.267053106136768 13.985347472066897 -11.611231702632166 17.15636662484786
-13.388942314676587 -16.896748788975863 -3.210713883017925 0.9225201760671176 -47.974271760014894 -19.876154887383667 29.151677818502
-25.28126124354574 -16.376609090068044 -3.0883032663009176 3.0063748079368606 -65.41254443723258 -28.29452842978425 154.54092965433657
60.888131287764764 -4.314143288201136 -1.9684735220463725 1.5883166772915644 -15.888437811735006 -35.72829518731543 50.60402446837999
68.96290492380376 -4.674948669258504 -1.9899157153293388 1.5273611659676642 -11.039334449936408 -31.875778447444382 27.4131820036876
56.46689042876347 -4.573801465089389 -1.5697497245997614 -0.4446181984172208 -42.86162956041101 -3.718585979720533 40.60217136419112
-80.06710545425571 -15.2582856425748 -2.951735325124272 2.661368407600904 32.65452019669621 -35.571552253200075 145.1345046441266
-60.42859528729056 -17.26450575917752 -2.9916493145474594 1.406263790665094 -4.635735611518354 -13.422213374495238 34.36926388256705
-13.31103196590952 -6.271237313624456 -1.4315384031377267 -0.0599369267782332 -21.3224569545396 2.7851403007096898 19.279766839548856
-35.567549162128 -16.024531521857718 -3.17934297883062 2.9359701945302787 -30.3271214112679 -32.342742766980095 64.20621091351259
-12.277267516771197 -6.432131838336851 -2.0443408805445675 -0.1307972462765782 -11.024767722009448 -8.112995628659835 -2.1596847934731125
33.3439652979766 -5.300458861959919 -1.3682066369737822 -0.4232806092150755 -41.157060384352434 -4.149430285922627 54.21337359975712
0.123518842282967 -15.906422269507932 -3.087540176899628 2.9442134606821595 -55.2563900272026 -35.48095302243121 104.33970193360136
59.473988031017846 -5.513364624339751 -1.5380367096192975 -0.3858408835190585 -28.327428829960358 -0.5428791217988795 -1.8467045386112917
-31.239322037624017 -6.782315209260863 -1.8258388999698305 -0.0171110700463797 -16.350764040114495 -14.593864910685914 27.91624031165082
-36.66070241152496 -7.106159422825613 -1.2530796764482266 -0.0070203461106498 -23.31486953875409 -11.49340410060802 87.22483502793176
-68.72579475535635 -15.769703196925173 -3.092155052214027 3.139408878901672 -19.90023570181417 -39.98316645698541 161.03679778900892
-22.132946194752872 -17.06430855328558 -3.3414895300866334 0.8368261113467093 -11.255205771321886 -13.272774790902336 -2.2983826022135903
30.518037710918552 -5.481218225226512 -2.033653729045383 -0.4252074037832362 -15.387167243944742 -8.123311619090048 -12.18915597087904
69.07843488175124 -5.578823878492563 -1.5970607467674576 -0.3763377533348038 -26.724932684744463 -2.0152339128059924 -8.932518603794966
38.07834960018481 -3.932099962524029 -2.0474283787151526 -0.2217752581190311 -29.620179214897945 -6.4284550737062585 10.692553969954243
51.1143784661752 -5.519513505627887 -2.0334169862121114 -0.3145334051479406 -31.88938052656144 -8.232135204412447 41.09741661340017
50.22318566486173 -3.5312777049504582 -2.0247024168071746 -0.2845411139797894 -21.58397100115122 -7.058135038592255 -4.524258609615528
-85.05318531856399 -15.32741270321714 -2.674724033530206 2.713519198646352 42.27370002634782 -39.90493686288978 265.0327625810201
-22.026859103638817 -17.158058638027317 -3.1597749307182035 1.072553242705944 -51.68632346480695 -20.4568591820165 53.767626815926896
-55.42891291513607 -17.230503515973524 -3.125215430889183 1.321002209112266 2.129751253332567 -13.892928197087668 21.28191839855708
-41.25458056423696 -17.31092118626768 -3.3156521983899467 0.9461321200728 -10.974889783036128 -13.149747053179285 7.234301821986175
-38.13315391345552 -16.21550744349005 -3.0750788562659417 2.9555685291299105 -66.07744452581792 -27.64294946015877 168.16055824399584
86.88274954763659 -3.095987727354899 -2.0246685026679114 -0.5181781700388057 -31.848483312434105 -6.73975525551146 5.143648635571752
-34.09802598530094 -15.75754234064638 -3.14208765676778 2.9799810185235667 -50.45093906470579 -34.32623072325915 103.61958711764946
-69.78433348253958 -15.23726749409071 -3.115925805427612 2.923301349875388 17.578653178445077 -40.41443216802534 80.23996463508334
-80.35222480397914 -14.631620103170514 -3.036054084598271 3.081555594808287 26.881330783686607 -48.21699839280148 176.3227892095227
94.94030172376247 -5.179375858061406 -2.0076574225592414 -0.4868874247726523 -40.0561287775343 -10.666911220259774 67.69324719445774
-0.7446644009573138 -6.471060454149594 -2.0234348387380163 -0.0769137815748169 -15.867560892072104 -16.85245999193132 25.184595460494396
-10.461229193437267 -4.69774930678851 -1.624021628969084 -0.0576339072998599 -25.34184919178296 -8.927554324000635 25.854867816856267
66.15498183133387 -5.23616412993899 -1.8361662147245976 -0.4271254668489325 -3.634794735458984 -1.902971664006856 -24.05715144203191
-40.10229643720774 -16.6193977159424 -3.1256875523411183 2.1733740910143657 -59.08760761676204 -10.449154484357102 109.9594878878156
-67.6660201147176 -16.23530490491896 -3.1073110234598023 2.8500514865685926 -12.606768401591651 -23.9076534993454 120.46431914212404
-70.23468073909675 -17.319536707931842 -2.9806367815253902 1.452129317738572 21.637594477824425 -18.134710632494468 53.71148473103345
39.01989417741918 -5.74888606076555 -2.000256313339259 1.634426525807142 14.129211610469644 -24.894280218070826 19.467676435828157
-79.11132303746044 -17.554509060545346 -3.1915553224155246 2.0849863107303337 38.49164756458903 -19.465616675634003 66.00192198172977
95.45676860684564 -5.252353010998111 -2.0688459771335364 -0.5663689585425435 -32.82988867603971 -7.951378445253525 19.233261746864443
-13.212574899502329 -16.670507501008522 -2.993967348664814 0.8913960709329807 -55.002379894674206 -18.08222325525939 90.25170190864492
1.848892962752781 -5.893316595595468 -1.8490168597288807 -0.1842693370003625 -5.0576674022797095 -8.384043220355068 -17.146553036386436
-73.43603774516755 -16.566280229033 -3.0835886926696454 3.200319310330593 4.757903678855206 -51.37225868799137 146.70809786105593
-15.97825730727766 -16.939394905289674 -3.280926097986037 0.5118654018427783 -39.31580652619412 -17.637250649527466 23.29226922701162
-46.73752704050727 -15.427807623551791 -2.8293171129224053 2.293714337570461 -25.534581810602603 -28.14943593475222 101.14242857330169
50.90075408013482 -4.837267010184223 -2.071734913967713 -0.5885639182973519 -12.92655435224871 -4.6494524103036765 -15.732572614179666
-51.08592751368065 -16.16350100124233 -3.1252963926357062 3.244158815736564 -46.74328987296797 -35.19511412092802 131.0759525785794
-29.91599477288385 -16.099968738182934 -3.0287687873942573 3.2170140068914046 -66.78803100562713 -39.36669051035157 175.62147858741346
-42.95862230582824 -7.3154627431044 -1.644353737084994 -0.0181493726267421 -14.057088178862356 -16.213677682548106 62.861467150139084
-71.11602554934548 -16.010889569298037 -3.093101098532112 3.2301493148568654 -0.1048096770777879 -42.97327538686233 138.5474301326948
-68.96003723782763 -16.089283246665616 -3.102487595811899 3.1379576948774845 -6.105137820970445 -41.50429745328908 132.4126629496107
-31.450326720113903 -7.278641471016641 -1.7687341126588236 -0.1293906016092772 -13.631641348632998 -15.98025311477476 11.554201795885003
39.467352671289 -3.635201164108517 -1.84467829315204 -0.486932887190842 -35.507097573066645 -0.0533752621702173 21.59087449818046
-3.180725336422855 -6.614297114523051 -2.052791464950745 -0.1302816147153918 -15.072478003114442 -14.51416882775464 2.164403845068899
-46.21272057712162 -17.36054209045735 -3.313631498857529 1.0033890849098994 -5.248897857463611 -13.43892909972936 7.129998343339069
-52.56444028986834 -15.389631806279448 -3.0253253240524773 2.9119010406293078 -31.88351137985736 -40.02495577007068 126.0438347612199
-85.32360294545119 -15.486294161335756 -2.604156998399364 2.592153460667072 29.926011664394224 -35.17438662163772 270.3981081741719
33.59753003366773 -4.273274222000564 -1.8349742818639705 -0.3564902757300626 -20.674803681047766 4.0351956116622745 -9.06270719141942
-80.08382194728127 -14.55414991895824 -2.993158025966753 3.1274728263304707 16.623292785070568 -45.47862828495018 215.1158912704601
-42.80150831110843 -16.58450637747077 -3.1647938021959843 1.7974904350462118 -35.54620623215534 -8.771564299862192 48.56967963903003
-45.88150039309911 -6.452104081020337 -1.8159615128755924 1.2300098030242672 7.7246440266789245 -24.69645593099775 38.3909812810003
3.5905691474637416 -16.357162168618046 -3.116365207937015 2.801214006173898 -55.241860157396815 -23.58938609088804 81.5979512372576
30.69029981509945 -4.080572400637203 -2.0414562891795938 -0.1777362357452963 -25.119649822970494 -10.440363979439876 42.78408437875062
-61.98927402656225 -16.573701350102038 -3.0403894428161298 1.9803087689343888 -41.65917755796409 -13.110297941626817 128.35306286983064
-61.51354854697069 -17.568231755591388 -3.3103742690975118 1.2141415375022595 3.805523078527917 -13.063159596466647 26.63857712338768
-23.08722672003906 -16.33773196167171 -3.104667847171517 2.978949627881865 -45.98119101805146 -30.90519039684697 92.44099876692356
-28.88031517299989 -6.140023687444667 -1.9178444322643624 1.7591863340668006 13.703937106586752 -32.003818093372075 36.25156638661181
-72.12897299065304 -15.894124401885245 -3.138702956324225 2.329260589764661 -1.772775599872501 -19.116258018241176 97.91567685208808
-80.5836901997498 -15.219564568641209 -3.0696812465926464 2.9699011014137557 23.20421298751762 -39.111942857783774 196.5316841029373
23.304932597960757 -5.291730918911894 -2.0814896403713057 -0.3259903132231576 -12.32384868761071 -5.706133469270707 -10.634526848433785
-37.69004982475038 -6.4507612748577055 -1.879073463290088 1.8207770033528312 8.797725374037812 -38.27715392086133 51.07922151404021
9850.188246695296 -36.78902419473926 -1.912449175239188 17.635738027068903 100.0 35.5923047859605 504.8949806359967
-42.26297023874208 -17.33646402454137 -3.275260647727967 0.9653442507080656 -30.977088659279712 -16.73761031742788 34.04068205331517
-44.65127730939681 -17.15912806659767 -3.3278818893452797 1.351028684667956 14.379178435340451 -11.809814518413368 -3.959239171849124
-35.24948779335773 -16.750512914779538 -3.049288380664565 1.0975518975211052 -52.29262120707092 -18.995570482050937 72.72996422572493
-60.52024989818712 -17.29309393449746 -3.026224175295647 1.132958688627496 -13.97373764133304 -15.607292977097623 58.228135673702816
104.21358089881451 -2.8521960316603536 -2.089718163820214 -0.5189523246569816 -30.15719476556936 -9.356780435625469 4.998479008273934
-32.37396956814273 -15.60831856852402 -3.0701210583730543 2.7015230529095904 -56.73774426836262 -30.009227524298883 121.03722063107108
-80.91169460179499 -17.52775696271533 -3.1072639857701048 1.8107015590914504 28.67612371743531 -19.486009860419625 115.24073857290487
-48.40348340841691 -16.68707302555011 -3.0148606471517367 1.014564759803917 -41.18658484513747 -18.932050726161343 81.6686472278646
-59.17245026385359 -16.5188267142902 -3.0958795509063117 3.122250680017843 -22.42375255403548 -46.932896380317445 131.83536642499826
-54.14857065886799 -16.66266292047411 -3.0476574751126235 2.8559196178543216 -19.21249051847805 -45.48665183306253 112.1998518073862
-50.91441660115836 -16.24917665966903 -3.09850816467914 0.9257038250468496 4.11099771019781 -17.826138344672888 7.394556055731277
-63.4927745969846 -17.69329051560833 -3.2666787890221927 1.262533936614932 2.924253745577928 -15.21714795013358 41.42095886341849
-25.278698806258895 -15.83467055941026 -3.185056740798405 3.013782439884156 -39.33058505069336 -29.999866718167777 69.65807484017574
-56.38960609032472 -16.4120797085321 -3.227101154102678 1.227916844172207 12.83651813660373 -9.408767745786328 3.431842645959919
97.48258873959924 -4.139225774002035 -2.0043988216020097 -0.4244825624318226 -39.7016696271164 -19.938154776491476 73.74804813071367
-82.5242231330948 -15.701231833587729 -2.9715575565541017 3.2148414952423856 38.67981923422129 -55.25966774843511 177.622583421861
-75.17609743108908 -15.0685590508544 -3.059174901787987 3.143010910229872 -1.7097161954620133 -40.32149273572369 170.1698910968516
-67.24515554096435 -16.299638805245916 -3.0520634607622736 3.28366850198906 -24.7891005974302 -47.36516503487143 182.0387271282667
-5.812253175653562 -6.045460063843909 -1.8393444521849525 -0.3181286804024063 -15.136089607388076 -9.813515855064136 -4.050129801788191
-80.1938878378302 -17.316576487739358 -2.8387639145212646 1.9693448373681184 30.807173983077384 -23.39247484763026 124.82000457286492
-33.44968492293042 -6.238214862141898 -1.9312987917850064 0.9541969233131452 4.672964972252734 -23.23016936965547 27.45954288352697
-63.53706625058825 -16.11805293318457 -3.0861711221924395 3.2073472927124023 -27.319036318189426 -38.62818976950875 139.110376125277
-15.421973741024273 -6.83965157943322 -2.054639988792609 -0.0136526621009811 -8.76832113580962 -15.239726821344751 7.921270859664942
-34.434895807856684 -16.907281507642796 -3.011896840017796 2.7972783273675303 -30.45803386741744 -40.18208358727129 102.76174928011676
-51.26532509016454 -15.42926465650217 -3.05946940214796 2.9328504392927024 -30.92559297892801 -37.11875978086896 111.8117865696295
#