26.63328265405436 -5.9658085931401255 -1.9209072490730428 1.6100825978313598 -10.170623515026422 -35.53552775829639 52.19123774651432
-15.187099510279907 -5.787462667246679 -1.6413058702272547 -0.002987940029635 -7.243110853715734 0.2435634427615753 -9.264359977785146
10.174312956021096 -5.060659601671955 -1.6254000299479117 -0.0176149525547713 8.226076835189494 1.724818303943761 -22.95445454170911
26.39184953825184 -4.322094951529618 -1.824182970597392 -0.2215253218423137 -0.8690429290536879 -0.2807316002787323 -24.317151741929106
-2.948759103251183 -5.635247508252199 -1.5771191369194677 -0.2675496738537514 -21.340080570456674 -1.485882011711659 2.667066223255006
746.5607428735462 -20.145340019672656 -3.0050709550747654 2.47740217401651 -42.29079523791775 -5.074714507087271 173.44892759137866
26.754253612950567 -3.962339836034225 -1.8922606082503517 -0.1952050245991584 -11.040896343382302 0.2735000424413559 -15.450765499440202
259.78401951051995 -4.378334867917465 -1.9647947133702808 1.6252720177336322 -40.25650988948143 -32.84972930864776 108.72390349798792
22.61064997408552 -5.961430047295912 -1.950029703793582 1.6779152389692484 -5.386343882882792 -38.29920182197686 51.80578143708493
205.949712696681 -2.134456261124282 -2.0945882181312 -0.4632145157115307 -27.03002839088981 -8.319315437263697 21.962894131305312
747.047747824452 -20.041742380802308 -3.031145300099177 2.37661250137514 -30.08938875379646 0.1038171704388738 128.00370264103836
-2.100587352801597 -4.761973656699801 -1.511226911002117 -0.20638009864753 -35.335291833565506 -5.797763737209484 56.205607549897415
56.37092609337247 -2.870218035258946 -2.0276941624629643 -0.2685662983037333 -21.103738033737237 -5.332735070562228 -7.996955327446007
263.78642309708016 -4.555240053407405 -1.9918467652133112 1.5483830730826802 -35.43491438376147 -30.03629576171581 80.42718878926699
-16.061508533423662 -5.303300613516702 -1.6319465118772214 -0.0795438607267894 -25.52143983747423 -4.436659823390703 14.871097205043988
573.978118964202 -3.9664193742230496 -2.004011110782093 -0.0648211538607736 -31.9449562512354 -18.6337281277421 70.91177559377442
13.83852993677133 -4.294643606408378 -1.935376352095042 -0.2319246859637141 -21.340080570456674 -4.296483718133383 -0.9876568183382544
-20.0353733231395 -6.130370105649543 -1.9479028032183947 1.7422403188372342 4.712196316658638 -36.30315881089593 44.00210942922995
52.7005917927616 -2.822991928405945 -2.0204631404701874 -0.2829271041361132 -26.29998581859521 -6.0542475777091225 5.058521232701516
52.89669299384127 -6.06555320597235 -2.0063164532210145 1.6402233811743936 14.557412542228592 -23.14804599485825 30.421460580500074
9885.428850744758 -43.0785229234638 -2.9294004163462275 22.03349678304305 100.0 47.20639067861752 512.3763888512021
-35.35716293660138 -6.489332757893645 -1.1794750167609662 -0.050341087962305 -25.70412778621873 -14.741322891540992 103.32425505834703
-19.70910616256815 -5.6882562522903655 -1.2848329536876055 -0.0408693005233866 -32.7535911317241 -4.830285654315259 73.96398862957676
202.25674328243085 -4.458873317449561 -1.9403413771847464 1.6376432800001424 -35.931519623862584 -33.51723457177778 92.05191850911002
-12.219331209893497 -6.371096227532566 -1.8857919966697088 1.6748530535244508 -0.8515325768952814 -36.51231046000999 51.74829954364313
3.451253125514101 -4.774253909178973 -1.806073194589035 -0.1052954569960323 -6.559992709283987 -0.6163047007431902 -16.76364398942101
-37.07380896664748 -6.040145504800468 -1.893495462968384 1.8186463428029371 9.498654008704644 -39.36235565925304 62.15029263276383
3.759507007022226 -6.393921637663444 -1.6896376152697232 -0.1765782845847085 -23.52818561138365 -15.644477739988142 34.927083934165495
-1.542530324424786 -5.50160446253032 -1.7035460096373278 0.1645456531173521 9.569029803008837 1.0302082816442046 -22.850339581169862
-18.58107576896673 -5.317662480637732 -1.6440963758302007 -0.0270736209613139 -29.60343867173861 -8.252160362306364 39.21101651536536
7.814304280773029 -5.858074142177688 -1.649030102237546 -0.2428760628926286 -27.78904805555337 -10.051592732247173 35.247193593372444
-67.79561103784319 -8.09924746051907 -1.8275987059375227 0.9845640563247696 23.01656976431639 -15.483022376039512 76.05535711468667
14.89645045966332 -4.999544839359495 -1.457472493481265 -0.3049446413999754 -30.653917296423767 -3.151408780382165 26.2745297007587
-61.40605673431415 -6.655224031700175 -1.3284977563134726 1.4791305069019345 7.029365809656077 -30.297836460269476 132.61148807145548
129.13300033875973 -15.73783928793003 -3.051516798674839 1.0139305322260583 -55.1609200955641 -16.401289925717634 87.34946583316875
-50.93457649842626 -6.380739948896939 -1.6950648358979787 1.171189753116344 3.1445256209392016 -32.73665796255998 108.15883609126811
302.97224469146005 -4.285813325739556 -1.973065205485291 1.5904224659162045 -43.29826008029208 -30.75679689725188 96.45910992310628
84.75381232306488 -4.228053731084471 -1.9221891802946995 1.5862240893140094 -21.315269857515176 -39.321496246176594 86.57079060828391
-61.71427633108132 -16.90290484428871 -3.099943037074897 1.0546339833862557 -17.90436958562422 -15.847665105964046 128.0980471167475
-25.53319680214815 -5.954289543595459 -1.915158302581441 1.7466410406812578 4.986196223354238 -38.08964562421847 52.16318152722141
64.88422106403364 -5.025443973413894 -1.537890455212861 -0.520421170056098 -40.15357265108103 -4.860424528317187 47.13115028604643
13.077900815607856 -4.803215332041503 -2.0036428640770088 -0.0488166960069615 -5.46068880643643 0.5016654778385284 -15.664283126657214
-33.293410272606344 -7.434081922545205 -1.6457355171977734 -0.0909107818885154 -15.273418867314083 -10.799805449919283 25.216839526573708
91.51981403366766 -2.185897267169484 -1.808927143967247 -0.4562160700368722 -29.39187187478215 -8.139291290540731 14.572904686534647
-2.244301387372206 -5.988906330838645 -1.6712691836526796 -0.3994145443027767 -17.53250048660787 -9.664035130987449 -1.694343246102818
1876.451472491696 -25.19945293414308 -2.976754829597544 2.711039579368684 -28.814144520513263 5.733339114781168 274.2272311593189
104.57318459942326 -1.997789215851977 -1.827272292407052 -0.558564113532593 -30.845095782398165 -8.69433203054945 20.803156905515124
23.134572723254312 -4.647784541938035 -2.059701822089605 -0.0257919251115833 -1.47341417317927 -0.1492532908743233 -15.498412757573192
58.868337654727696 -4.674568873459477 -1.960933039075332 1.6278946571330526 -16.635666617539695 -34.99060073439569 56.81306316727747
442.30726206389727 -4.242067913001665 -1.9793125106969336 1.611703480101358 -51.79885253434578 -28.528542964330565 107.57289262327116
-31.06362734280455 -5.93531506635577 -1.920753890516972 1.7943050512371457 7.482762159320321 -37.886157656124894 56.3618937983004
-57.42986934660551 -6.700700223093347 -1.4981033358111269 1.300436087503789 3.329527132513311 -32.36993461648279 131.22276249016906
46.11524030842574 -3.566532860090078 -1.5770564108227887 -0.3380972909033745 -41.047802288122256 -7.957446674918358 88.30029104445474
16.72534961869658 -4.60329367017556 -2.0182231834061253 -0.0201408031138236 -20.445115843640263 -4.61425667824771 17.692215231113618
-26.7722051747776 -17.25788782080481 -3.1379632581970167 1.0795775386309656 -50.09803392567655 -16.406638957792584 50.8651751851329
108.39186214482348 -2.553116197393873 -2.0388521810769187 -0.2651523902308892 -29.57234962022582 -7.5585617116176 33.73800523138332
16.65858794174785 -4.438238651471238 -2.0130933731518903 -0.1011385039970572 -10.098045897923638 -2.195864882495428 -8.615203554911583
2.075676734216133 -5.567539990894859 -1.5577289921268456 -0.4760886351571575 -20.223688533139185 -8.34945431126561 9.56384007569242
41.97540921642927 -4.338698405145589 -1.8259893014690585 -0.2293565009214385 -12.358049045959907 -3.0312578330187607 -16.3116671446233
12.583897907980962 -5.132675839360323 -1.651078448469293 -0.3166858921130743 -26.23274701682285 -10.847946738593503 26.885356512365167
166.84402464743877 -4.67813353894627 -1.9864603278367552 1.650221886258058 -31.41695807847457 -33.22939821134323 87.4637992191831
-56.456323387521 -17.31171809049773 -3.2831659430891578 1.1144644155276031 -11.736103506742875 -15.056676987886153 39.10437634227013
-21.857380809730312 -7.166068932323448 -1.9375416358574231 -0.0606959558056808 -2.854184067031991 -14.59952859170641 -10.124437542171124
-50.11272344165754 -8.113439759544283 -1.7050391506421472 0.3228170312683109 -5.087725615727547 -25.729470894272023 86.11032576329416
34.28706356426882 -15.683567010510998 -3.018920639288257 2.7063654827815986 -60.23178900859703 -29.38238782801991 118.92012454025638
746.3121244747693 -6.04527598075525 -2.0320615091340755 -0.3091744316221285 -41.845755227031184 -6.6238520689134095 104.26185919955792
152.9772345684622 -4.642091468585806 -1.9781170614303705 1.6445423802871968 -30.13182310316069 -34.14084630699896 92.63642304222832
34.85357116338335 -5.222568815328796 -1.7099341783936095 -0.1445374659860632 10.811214740197832 -0.0210113706245042 -23.7994608292247
-50.06638938296238 -8.492715688137388 -1.592278005815076 0.5131414594875323 2.174843128913892 -6.266635615977761 17.61270137935621
-11.776825242054814 -6.243316607242936 -1.652198479815472 -0.0789047853601494 -6.0025928383458975 -2.157635035607071 -11.456254215574484
-31.747591153203697 -7.177826409519213 -1.709047656441854 0.1868116210525245 -5.824408810992527 -5.562114151892341 -2.4955883833289283
-49.36674940532427 -6.409908855954768 -1.7304801187475949 1.2077279270269556 3.308059913485479 -34.04132734049596 101.0935369693792
90.86752596758254 -2.3212605026119277 -1.655975791496316 -0.5409118964191919 -28.715016287456265 -0.1812126337757142 -0.8093841910114326
-45.018723725745 -6.735732498520211 -1.7500619934548822 1.4932967844675442 16.57525135281489 -30.482715190724235 59.63496674635772
-80.94992097200097 -15.395622151048052 -2.9619609931394386 3.0896498947573474 51.08254340387142 -33.38780990861642 170.82630767843528
-45.27461189507584 -7.759291102255386 -1.5536714661814426 0.3789599962872649 -0.9406242459192724 -4.194739734086593 10.69310379436244
23.408142694109312 -5.818239432372626 -1.897039008925036 1.5945691080972595 -11.012934888080515 -39.14187664809799 57.001997752410105
-55.49145228183907 -8.461288614892615 -1.5564342965649696 0.7119047142277135 4.728610237902761 -7.475629239531748 35.19266481366505
122.90012917052456 -16.372795882827205 -3.058473151528072 0.9645373990295808 -56.43484469233132 -16.798455557280022 94.79079456162452
-75.87952242234788 -14.72948984403986 -2.615814549475162 2.769038450793957 8.287662608790606 -55.12627626106696 197.065404773432
720.9264418253871 -21.568529892753403 -3.1114297861992544 2.785127388429164 -41.57180926439714 -8.794966315189933 198.05680442541524
-9.413609468228756 -5.937424688251908 -1.584677324404213 -0.0123851901500891 -0.8875156603684021 -1.071826474248891 -15.3661146395213
16.903920436610566 -4.728113038068035 -1.780837209904245 -0.1488154493562142 4.928242510246215 -0.8713726209877143 -23.427194606118963
1921.9713458826525 -25.347881144685743 -3.0166572288126328 2.725641188736786 -26.79110318462535 7.427645024510173 259.2507560346692
-78.88518612692715 -15.392079598482594 -2.884242757736539 2.961304360839457 15.916627982854235 -55.12627626106696 196.64637305289853
-1.232175246910855 -6.491806193901691 -1.8711755159756327 1.6361531963938407 -3.258325556161501 -37.76863627494957 47.79505424612169
-5.14718203842189 -6.076449133466636 -1.8765401110862328 1.7023280127477407 -5.684275057685237 -39.76326336577537 71.66016278322769
12.564119747037104 -6.033250402079967 -1.650901686745364 -0.3455626023425637 -36.77797034831718 -10.756114196332591 64.49021004767253
318.4811547242362 -4.563167567332091 -2.009257825870628 1.6593366510314191 -39.389242940517136 -30.40564867398104 94.29356098690364
-50.35452517417432 -17.164131244589097 -3.2923869141989086 1.122117966301143 -19.833469399166837 -14.35662241508178 29.738712513049755
-37.73742532253778 -7.3989785806821855 -1.690505899972054 -0.0759173581356151 -16.28841948797784 -17.52926987388072 58.45145756628961
-45.03654070021628 -6.264603775840544 -1.853489706366933 1.9008710447676855 15.253466663161278 -38.67522978687343 74.95900081543702
-38.42339488589088 -17.33711816114723 -3.1105610720958734 0.8618030081276465 -32.17539811459919 -16.341447629379545 42.55535792002162
153.61647897371068 -3.744847772428813 -2.000210328685087 1.5963280473966917 -25.159885376485875 -32.68811212524141 67.53261470338683
-58.02117395871554 -8.191203499351902 -1.6472697785635126 0.6745050208850365 -0.4993892748984515 -22.687467363298524 96.76367811768596
-60.61857298815544 -8.045336037604757 -1.403223288402304 0.7194148562909671 1.026855255508058 -25.896347210054504 111.69733674414248
-31.79715605077104 -6.457789051019168 -1.5422141532025773 -0.1010522606955585 -26.597467203493803 -9.76132907994668 80.00919774392364
16.42410667264641 -5.629969912039722 -1.679711091312002 -0.3918286906159078 -35.506241346939696 -11.651380346215449 59.25215058018895
50.14634391430582 -5.096898693267647 -1.6124146106825556 -0.6299648137745147 -13.697328161189528 -8.53817625384146 -9.49982524527191
230.7743412867675 -4.530554673672057 -1.9399883798422703 1.6347053037813084 -35.34198353769295 -30.25556112693789 85.97575527357077
-41.58205021413314 -7.770416599817111 -1.6081470886603852 0.427326319853337 2.9887533423884465 -3.238993561877708 -0.7869273845550999
61.00638314783751 -4.736513730590703 -1.985375692997977 1.5604367854838703 -8.643190259342404 -31.539598524013453 28.2550528935628
200.04876765789265 -4.350128206973387 -1.9917720191142136 1.57753485678179 -33.077747582957535 -30.148558010514943 69.45281204521014
-22.283671293454177 -6.118448789147702 -1.6384222100949313 0.0787086600495806 -5.5503300332491134 -1.4298520244731712 -8.03315555073527
625.6628241874461 -4.557323872025214 -1.98641132440223 -0.0147257105669371 -47.939008682043685 -24.485726542170813 117.9927135464755
-26.1709344493075 -6.930110235904742 -1.746011408045374 -0.1851335444796297 -15.473427137605992 -10.249012470675932 9.496488730046613
50.43764606077136 -2.5408631033289755 -2.037155635620149 -0.2431849612019536 -15.097313168257584 -1.8216573864982912 -8.485260116527506
-12.756258255375023 -15.801657490077346 -3.038553096181376 2.9332973628622367 -65.07487043607692 -33.62183006189392 140.68265266315214
48.88117671253634 -5.083992677769685 -1.752914508294597 -0.3521365592747766 -7.121401507787748 -2.3206681392685224 -18.057861846696305
995.4028147759772 -22.69397387993619 -3.151248328978793 2.8556031312272143 -25.259882194268645 -2.612153865598719 136.75245437302505
788.1819269625303 -4.480051421092372 -1.9037564330626155 -0.014620374404555 -55.68335769540747 -15.655198279062647 124.87927846483154
-1.6512199808959975 -5.827887948864931 -1.4399836343502477 -0.1420878913565729 -33.22583544878757 -6.611917883905935 54.08003744568068
271.38898900187127 -4.353305526865879 -2.00736381973798 1.5873477913484837 -40.22977249542797 -28.57405468681669 86.44528677365173
-80.50872347505965 -17.144933776545955 -2.849172194067868 1.8126393435502564 30.18815337955585 -23.152102718763786 135.70499279016153
1157.687244209749 -20.912867812739496 -2.9853756837568555 2.568307826237283 -12.718534358015528 -3.1530747341744005 125.86404077398537
65.19281753614673 -5.313571755182786 -2.0928195008796435 -0.3991037296433826 -20.259104245721293 -8.250137619084741 13.099800145741249
57.26873860628774 -6.0113981159999765 -2.005429675358092 1.619255188387055 13.399224509119048 -24.335800814585365 29.66524074511401
36.97627309224257 -16.287888130027117 -3.3129353316261647 0.4371139821237015 -10.79035823261827 -15.042635778689515 -4.575610752877674
628.6910547362976 -3.808756079773284 -1.9989470383856036 -0.0610271768568111 -42.62119889383299 -16.433388051278968 86.27037946505638
-7.89102535549977 -6.602596767199501 -1.6891383468752943 -0.0748546636846423 -20.0999467884206 -12.900424285557252 37.021362082948336
11.814204174734314 -15.44760349636023 -3.148414207303754 0.6922482464929438 -32.0122979046272 -17.121737683307632 18.007860054776017
33.59753447813483 -4.14470789447403 -1.6527731094285525 -0.1414508275913276 -39.374153320036136 -4.970461759572553 46.69801192982105
118.76080681097888 -2.4945116682902744 -2.047330189217126 -0.5081690510665032 -40.17922014448174 -9.43121738618057 45.98241594225602
-15.204667251443809 -6.417891763120707 -1.7480069273071053 -0.275859154880407 -16.651541647089015 -9.512329389366988 5.537503708110471
-6.134836194176311 -14.472256390183928 -2.986033584041312 0.4881318348290321 -32.83213150856535 -26.632651027009423 62.89392519227332
59.61323750422721 -3.67986326481054 -1.6519746717046495 -0.4155846188231082 -40.20528270856242 -7.938635162957393 52.29027605586206
111.25184780831349 -4.192876332951075 -1.9475787221738503 1.5627537008263812 -25.40875944884094 -34.161073739215006 69.77769067350957
-25.129133351082643 -5.704885494474079 -1.9220029943646264 1.813928023527613 24.63859283958188 -30.35487781911875 39.8978460680286
26.180909679509245 -4.092024162844729 -2.001711007631977 -0.2625486806373595 -17.27790840840183 -3.481722748470449 -2.2993972842957846
60.99998001928848 -4.701764024872985 -1.6269987285144711 -0.5728992833802751 -35.12792569990966 -7.816461472372378 31.476766724078303
84.67781713568054 -4.434390250435034 -2.001410724454482 1.5622159119460604 -15.27570021418672 -33.36896749363408 47.42918096902726
-3.3868937921527213 -5.902631986333572 -1.7042874586523078 0.1602037019900943 12.47756102563003 -1.6084602509409955 -22.91890806520757
-79.50587429074467 -14.845697433179742 -3.0260201536243456 2.64424369752357 27.25884686328412 -33.99291916209107 161.62745654751208
22.09619990473424 -5.095666267101256 -1.6080662338432905 -0.2899623528957971 -5.317923430282893 0.0586847123067719 -17.87772556239521
-64.21215506260027 -16.51448445376613 -3.0982457202167244 3.2206006559379032 -26.713242466049262 -48.02109009305773 155.15711962118692
-33.545818843500875 -7.382086000630372 -1.71285640090542 -0.034151577477808 -11.24355673428577 -14.266180508785723 12.013337540266754
41.90569462807252 -5.771742661304312 -1.919498826403188 1.5836346974775095 -15.62480353431498 -36.49329667372688 61.968161721870985
95.33580833294252 -3.3067508816570803 -2.0588775183918115 -0.3029944896754785 -40.76196000606001 -9.02990513101392 56.76409821292214
104.25047976694638 -4.64119592127445 -2.0001527821486342 1.5111732572271186 -20.395642618415195 -31.53858715240265 50.46589589499188
-25.303076838367044 -6.965978793106692 -1.683818971519094 0.1382571895003137 -2.06681860489516 -3.093153775599905 -10.188944939396492
8.09970239527095 -5.926727431855208 -1.9318363695429088 1.6386210431508943 -5.028031769312599 -34.672827774281366 44.6158987065816
102.01013111812456 -4.631984458021302 -1.9836499322905288 1.4667979444154322 -16.20060209065764 -28.974962393339048 30.33934459597392
81.8307971155755 -4.491523556343154 -2.013082206210599 1.5623972385185063 -0.4256160394642989 -26.165978881494585 36.30431651423457
101.2434477120418 -4.220305777470316 -2.0097361161240577 -0.500799365724524 -40.28544711097576 -5.769849880751314 49.23789981205372
28.905822223005824 -3.970507845402242 -2.027854290243992 -0.1702766798253187 -5.665514341836135 -0.0390137852967834 -18.64606066235247
521.6919306670882 -4.902647892538577 -1.9111674847066276 1.7060128330994622 -56.01614656090103 -30.659502948292666 129.7467102753066
-14.16614137298721 -5.507527602973615 -1.6337858918854395 -0.2436252359122255 -31.95441496598913 -8.26955595401216 68.64726079668071
89.20071672948113 -4.378810693433793 -1.9969883861861684 1.5681728739271947 -15.32240634991753 -33.31415115232855 43.82029666714581
29.303140528851863 -4.438291294022204 -2.0045161789848422 -0.028853297910707 13.559123259943393 -1.598751083477279 -24.4873488422766
-76.70674934720533 -15.968390742314346 -2.8713129776701294 2.2373189533799764 37.12978802421637 -21.796791716782472 108.69046484663842
-14.833668600544964 -16.696306694412026 -3.321716843670634 0.7916374151869612 -31.26147242635307 -14.111235568645068 6.528282476093632
-45.20356173389005 -17.281597613556823 -3.088948175604297 0.9404264285851 -30.66826452080793 -18.529870377028747 48.886613520619335
38.73116073049422 -5.994775174010374 -1.9622284719240548 1.6171720453654612 -11.595304810341862 -33.35824695455955 42.083708096222615
-42.90366995740484 -6.78810094606952 -1.7878485647750006 0.5976908589619213 -1.334492182461101 -23.996991324966345 80.68171381496123
458.335425299229 -4.20655886015261 -1.9601833441182088 1.7129394540255911 -54.45915784935004 -30.82617698975301 118.86182789305064
1177.5113209253811 -20.89135448250724 -3.016668779888408 2.4957967106287167 -7.814930731484475 -2.798367044706666 127.02379897375604
122.5638431696444 -2.206870078880336 -2.0191161268467845 -0.4750648011502073 -30.58542780444761 -8.115625194847944 31.69794053505912
-84.80872031447421 -16.251768123407032 -2.5697636406794984 2.47683742379322 40.33816071873584 -32.53296772014424 243.86265333447676
2.726735335306949 -6.210334250484657 -1.957844711442539 1.6783678170491605 -1.2717653923483565 -34.043754632361896 35.91703616641311
-19.97310133382241 -6.653211592980512 -1.7662825656410368 0.1428418853449526 1.0048736332662165 -2.4470895906189054 -17.630629066969902
3.375575385896572 -6.262692681444389 -1.9181158861502847 1.657396617339664 -5.383722708455008 -37.59548945518009 56.12428012545076
-53.70899023558974 -6.679124878335934 -1.6696030939705888 1.2890121803428505 14.461983435766276 -27.214771241897388 60.13024930398495
101.38073477053804 -4.844880712625971 -2.0086995998846158 1.5513912944082235 -12.647082630562496 -30.84134756391504 36.36860805058464
-57.48858291087649 -7.996296327609317 -1.6845915419348156 0.8507481356680492 4.979529007707648 -24.17418363117904 73.53102956566644
-72.16643637072052 -16.027591408388417 -3.087754139107588 3.2873371422212245 -6.436040243751219 -46.82591573881916 162.81683302871
30.52300026638491 -3.9012703390245114 -2.008698046011065 -0.2137285150192215 -20.714658266360164 -4.319542990859728 14.659683299788814
-30.24079260491708 -7.220534742446328 -1.4586830034775191 -0.0715419459757531 -31.46712452724244 -14.37379044817516 89.4144099042433
-6.456498772184257 -6.284510535927409 -1.9323236791335023 1.6865072695364831 -0.4495161799911229 -35.85593028459878 43.40651273381635
41.22482462986745 -16.39659612740271 -3.2629282353294067 0.4897448482089174 -18.053313746984895 -16.5895089918537 0.1121797815764455
444.55753013128833 -4.072313309091247 -2.0111413431152863 1.4689073788935565 -43.00889784213734 -23.13732545578374 71.67793856909397
58.73871711888832 -3.8865501557293087 -2.00563004011946 -0.3046893516148108 1.765021545729556 -0.5376199894227058 -23.42645466965302
-43.91309785484782 -6.858839135700591 -2.10578362687601 1.4954365890118129 12.352675013465284 -23.13352269852712 94.5786752390554
9.587361016229442 -4.818591080697792 -2.042459044210469 0.2168840377620934 6.976412825726282 -0.9619915173156868 -17.684383914510644
-16.0598177646269 -6.33996564431878 -1.856847478988065 1.6925247725587251 -0.4091250248546654 -37.72231545517474 59.44763568614392
-10.504212572692287 -6.222308373339011 -1.8550995237668688 1.7177105233385457 -5.412527619594478 -42.13391842149776 90.76239642122944
91.20342017410591 -4.921835594511242 -2.004083158292529 1.6578159283637777 12.021029461116354 -32.21499248570775 37.15218849270343
722.8697229376836 -5.106808293027837 -2.002201039798936 -0.3976516201933677 -34.0652438760921 -20.575521165619563 84.82787641038706
-5.549009521183867 -5.124411578439855 -1.769367129846416 -0.0230726408699994 -13.397062599279044 -1.1280587358095266 -8.561177535754766
-75.5000984174549 -15.3768297669396 -3.074240992620405 3.193757782786353 3.7323198434403433 -48.72081035135743 172.55210005159807
10.209964360720326 -15.412352031410968 -3.0777215363043577 2.8367366223069435 -62.13164053778807 -28.078895574264312 127.00627068643924
-40.13851174787289 -17.21548627088101 -3.230712875859043 1.030679021060758 -22.68614650133816 -15.063028963475114 8.77764709728554
-45.202850129855335 -6.184425528500313 -1.8409607537310029 1.8639275559608692 12.048393288648588 -42.78180307537821 76.91004783600908
90.25224369570732 -3.2524093135212104 -2.050341435106932 -0.3278980694991838 -13.185231979756 -22.203222636046004 19.47833148911894
-30.059410555213223 -6.155018228745848 -1.8679466049516535 1.7593014714740236 4.485915099026515 -39.02536663853344 67.26375504292429
-15.685049526280224 -16.205305068482048 -3.3118053515033665 0.7205131300618675 -3.6995691521751146 -12.238740027920525 -7.787021439702698
162.88580008840037 -3.8040846733571048 -1.990251102544916 1.5516513674051722 -26.249324013209545 -30.220365394881952 57.79665390714412
-57.68830025945499 -6.67502575258638 -1.6425390742685622 2.0068845569859235 16.213572853136306 -42.04208587923687 94.98164289343984
5.083072880626882 -16.59754445586646 -3.298363441162758 0.667092222474421 -41.22915223201852 -14.129622866402611 7.205358531477366
81.99357941863053 -2.642066573183383 -2.031663078140148 -0.2713010892695283 -31.2024673206298 -4.271806250829802 31.97578459688669
10.542454712136449 -5.570547106300723 -2.0277149962876604 -0.4274020468076408 -18.92445058730613 -10.073236084718364 0.5881430104391141
89.17181625503439 -2.1651629574669204 -1.6673370175730575 -0.523349408122348 -30.302913379950542 -1.6072466050080294 2.710622635096586
3.9153112419376375 -5.1216434213103135 -2.0172216575670574 -0.0101995462652438 -5.781686352482653 -3.0405624518381558 1.9499124615921055
490.1573637795476 -4.34706006514219 -2.0039105505881136 1.6093096265629303 -50.302993165815465 -27.987054603906607 112.05363156715184
-14.470609861761067 -5.600747573949389 -1.2191114199602728 -0.219257651987885 -20.152923426408936 -15.824906435355416 47.224353258278825
86.23943299988366 -5.00783705516238 -1.5415996453189458 -0.6163574403389438 -18.306935958316917 -1.0698037310272808 -7.509572982400243
-4.148673336979987 -5.91124589118094 -1.7080098920712643 -0.3713156821335197 -20.75359629318477 -9.969671631772124 22.40630081123903
26.77607040004661 -3.8639968093920936 -1.3865991665887465 -0.1054113697165961 -41.43960887504727 -1.838850703881953 78.56445417893536
1.8742407693671528 -5.868574161307014 -1.8341431175673808 -0.209451970747282 -30.727942708791435 -9.884918690786822 41.08561190100871
-59.18104575102682 -17.054905735978153 -3.19174390158213 1.0526824300509945 -17.268227406068725 -17.71447730010905 77.95547207010594
-22.631706227491843 -6.631172010695113 -1.725245021884229 -0.1290211032732968 -10.24760844192864 -15.553858843660196 21.05463626159636
117.7929152890122 -3.964762945412195 -2.375151460712789 -0.0109486665135232 -35.573882824514 -8.605331328798794 40.72319131385083
16.53443624459134 -5.715979830671624 -1.7140649925615845 -0.3568789757889891 -30.80396151977655 -10.741145896492716 34.16533769331522
39.74129019494128 -5.308070384154298 -2.006721169530967 -0.2755583483162455 2.14396094157532 0.7757471843661369 -25.3028125610022
30.96047911966573 -5.307815269352431 -1.70575221882432 -0.432780759665374 -31.12353445298636 -10.041681290461296 29.153926885805657
34.75786074929568 -6.554234696643035 -1.964817302749844 1.623634235174939 -3.033278013773921 -31.85555101522833 27.7686227751676
-60.73609525847568 -8.318844577230417 -1.4794075168963448 0.8103533004824011 -0.05253650126216 -24.735697149496914 123.9575781744835
31.78699701202129 -3.9604325972649055 -1.9817141505807168 -0.2490175635470326 -25.51890464482353 -4.003590499644838 7.303474778678414
-46.93360506503145 -16.58964340995996 -3.141203877150417 3.2364062795849606 -46.07477320565684 -34.61440982629516 119.85889176037534
16.03691276902597 -16.578142972383073 -3.3007541373826315 0.6356614978056421 -36.4551066222972 -15.45116810341104 21.32152352445524
61.41756363369634 -5.63631496044913 -1.948554220330035 -0.2167190455599774 2.0178569110201714 -2.403600611354375 -22.782557858990828
-17.96213247298678 -6.706618043669983 -1.7980013256046965 -0.1799062693106158 -11.38316850201982 -6.616772467637786 -1.4905436695337644
-48.89379462392311 -8.482132000690664 -1.6918183513638625 0.8906476601411484 26.77619512327117 -10.289062786463738 21.65737140561789
-35.01323676345613 -6.11251308519688 -1.9038967185136315 1.8297094542576329 12.994931300246154 -37.0078825493035 54.99095427215443
-66.42083567197504 -15.447589275993932 -2.9862042798351283 2.9097090234851035 -21.210127338747736 -49.63114874760684 172.3433486753744
43.91118094980791 -4.274688156205469 -1.6925972778178668 -0.3343088439108224 -30.29242091848399 1.1297272481472227 11.521718158492884
-21.30117658814142 -6.58246530773696 -1.6312141335720345 0.2750104561156156 8.935920474086963 0.6847237393938691 -15.276550547125332
765.2397000607424 -20.085393022473045 -2.8996211815657413 2.539676955315646 -46.7640270560752 -8.51581370378036 237.458244984175
524.8906244765469 -4.112988637915774 -2.1239142824277635 -0.3429520705828442 -25.788040413644996 -15.639218607611957 57.94803036497669
9.371093183700053 -3.2795727791326814 -2.0038648773438483 -0.0233591193369469 -21.102675995533783 -5.047326001993602 37.10270877121203
25.02637371023293 -3.767563527048202 -1.709100359306983 -0.3549231467254837 -17.240048056129183 -0.965430180792411 -8.891863369529096
47.22890610759512 -16.013189206245155 -3.273467511090598 0.584078001712767 -16.843108041640985 -17.6011446830218 -1.7160096103968367
-47.93997195766237 -16.206246366381063 -3.030832781611849 2.8323806103779097 -39.86354909144624 -45.559198080578575 140.8375690796672
709.0136548405917 -20.340453739367263 -2.98627265900096 2.5883559266688096 -43.19947475379284 -10.04095647414024 190.44587367103173
50.79191125458479 -4.62739289011433 -1.9554528439373104 1.5666435527044331 -10.292847590681484 -33.40780416348889 34.57640044773113
65.62350537158302 -17.81419363238804 -3.020963182998196 1.086066145229409 -55.855070544304006 -11.010802852223078 95.12324601555449
-52.89596347212804 -6.423772339242376 -1.7344501491760214 1.9409372786613868 12.526075971251856 -42.06878608976204 85.7728675382517
63.80685196764498 -4.891820681333645 -2.03317929805862 -0.2727073347634529 -33.257665684986314 -7.657069306509813 62.49183413028023
11.86106411899275 -5.953809959879845 -1.914559731340674 1.6507052307922536 -10.725128521019297 -39.4992953753558 62.807176073609774
189.19602063744392 -2.6098494301500104 -2.0977350504442067 -0.4146931792344713 -31.913861425015472 -3.369662773993473 21.79941058987486
34.98016054866864 -5.042323673514837 -1.5870221562759457 -0.4387022682490207 -20.08104719567589 -3.239398110522017 -1.7870891786345966
47.96643774903552 -16.172265834187282 -3.2974213538350354 0.5326964475271836 -29.13705108284075 -17.438333519241624 13.699149514071973
83.47806054217752 -3.9201084734358176 -1.9319185146190851 1.5697151273976833 -22.50996771225033 -35.62351708843622 62.74471442270453
143.03935310322967 -3.9570363301531937 -2.0799288244939453 -0.2462917281757826 -19.172651825046103 -23.36286132499285 40.63276491552006
17.721036058816313 -16.948019841305463 -3.1361068478664733 2.7798771638308524 -59.19007790675976 -19.44020877327818 114.44263812854572
-61.476531291308 -17.46136393963056 -3.134549149774506 1.030206427744575 -13.547104928225025 -18.85315250305636 109.36878100371956
90.76190189660576 -4.354971347634518 -1.916812577394396 1.5128772962598762 -20.10058033262868 -30.85206810298957 57.954328347114384
159.34824571921067 -5.051530853070971 -2.04929766464127 -0.0485243664551473 -25.570180331074138 -15.684730330098091 89.61437718858768
972.7993299741812 -22.47733804780464 -3.138470452510736 2.8421276930727486 -24.2509277929253 -2.592094995317807 132.13901272156997
9.37134525462548 -6.069241049675124 -2.090208844913485 -0.0764160474241074 -7.429921828206861 -5.95189677069585 -12.020304529903733
-52.96312296173442 -6.634526903603262 -2.209981689464691 2.2756637127197528 12.907394838248075 -49.04089879058737 140.54540317484197
153.77609233069313 -2.4556714533650355 -2.075523428916379 -0.3295456055875828 -31.07961195007895 -8.429352668519062 29.52818702885171
113.01681889116952 -4.581824452496833 -2.001699591212461 1.502265780743158 -20.7529168557497 -30.52923828482119 43.30238776147951
-80.52152888836348 -14.759961891609365 -3.079444818319407 3.343459525915807 31.61886390289278 -45.28004546916901 169.75053332751995
-58.14264459815025 -17.587769185556642 -3.153528127143963 1.170466661051553 -20.547426982961746 -18.06049281245504 104.85638514711434
32.74262233897792 -6.692230563377902 -1.8911891133495744 1.6189264651027997 -15.997181214517402 -40.36968178361294 78.53206203197155
-36.38418597110442 -7.499891192917549 -1.6173320575686911 0.2374373422390342 -5.147854595237204 -4.737037191799207 2.4256989993449016
615.9661226344688 -4.159862285193797 -1.9716803884368173 1.5405455567452475 -51.150485829779576 -24.81640460403904 101.58058069290264
19.24364614270124 -5.776930338711175 -1.688185877989427 -0.2013742883370102 3.3870046444373934 2.585495544737171 -23.19473719134046
51.6367316204204 -15.758772462299683 -1.6292955569978125 -0.0700803557384993 -60.6081029774582 -17.852883505047444 154.34196666242144
597.0331870272147 -5.256556744655772 -2.1236291215184053 -0.2752804524895875 -31.84717325678981 -13.831776174513594 29.381574804796035
20.04027321978046 -5.972930368916512 -2.007754897918093 -0.1148396173989681 -25.148649081949525 -11.088248633320326 58.66115401123794
-8.558577550015825 -6.055965153061808 -1.3657863290268717 -0.156277480928998 -35.25094980516311 -4.621943102489842 62.00555985885614
-81.05974498366575 -14.364826730831936 -3.044993304241514 2.8393496469523383 27.46695043697832 -41.916172923057445 196.4329297461925
-4.905071331932329 -6.429167280972531 -2.0033087530981555 -0.0055399637476053 -19.58733344655146 -11.243797587061833 55.72329784864144
-11.07101483897682 -6.625047646334622 -2.0132367809063787 -0.1166494132595735 -4.698396174683895 -8.180959800905825 -14.862981672847384
-22.507317296484533 -6.489862050419049 -1.4223568792488 -0.1470708534172209 -35.52399353645087 -13.405503267992314 81.86792946818568
629.9488130340337 -4.601423196090159 -2.016187389560873 -0.0020505209364266 -45.0997544725492 -21.37806476622401 102.88860855427976
80.32329991711661 -4.345741438522695 -2.0040961342213914 1.5015833954885511 -10.284060724694184 -27.079449720371944 37.8017631284937
-30.043596744527047 -7.205168168971878 -1.8192058666465376 -0.0633364637467961 -15.496607969822971 -18.76314323906046 36.41323011357736
-26.249597937919503 -16.76874865195417 -3.158248767730109 0.8843971496627553 -38.85151556767632 -19.584632639300857 25.08615108294648
-39.33902684042 -6.004132248609004 -1.8721658817540767 0.9547070384597474 0.4452203504633428 -23.884729076167208 29.229204671407544
85.06980375545912 -4.798749485593202 -2.33570231867297 2.1168133385962897 -33.98523439230386 -46.08983779485733 127.72311406082513
-27.54232211858482 -6.682621376149609 -1.810018530744204 -0.0857275847746739 -24.88036391597422 -16.896151245518013 72.40107767790853
44.41826735335852 -5.613822890968026 -1.90379263439954 1.6022815604300724 -15.86279017321738 -39.36417612815249 74.06791605110813
342.2912229665298 -4.17099257742835 -1.9642270947267049 1.5707304464384306 -46.11472437416852 -29.21405064213289 109.49426037293428
368.519285171167 -4.428230932469707 -2.015746819766273 1.5680925777566206 -45.31712076797329 -28.173349254616525 88.37205096243827
-26.67878665391396 -6.329333145725118 -1.599611546929438 -0.0179912858314592 -23.109929506101874 -4.196357928663895 24.671075944079817
-30.913103700030305 -16.664575022847064 -3.283440141013491 0.8199040604683638 -7.675011543012513 -12.613506587669171 2.032934439467253
63.12498028864121 -2.644217969333139 -1.688059720553267 -0.4633294993994765 -30.33608638304096 -0.9102092908425672 10.121502557607574
50.07106588264767 -5.181652138916552 -1.575774817648675 -0.45432104753431 -42.550298107511445 -7.631380467595427 82.83653566189813
-23.87084032312254 -6.463835256704339 -1.866377629239213 1.7329104874058188 -0.1671938903005396 -39.71936983786653 75.67449129912814
61.85414408510413 -4.488967719676908 -2.003002942651673 1.566614352944804 -7.957459792615151 -26.690476198857063 39.56424101373836
854.527600233455 -22.413140435404017 -3.1159175982911957 2.557596213328853 -36.12703789136907 -5.157624504248433 154.60491699186707
-13.956528733597183 -15.256137010190272 -3.2737948987342604 1.0750353853007788 14.287301586104926 -16.41065073184877 -12.4925187851775
749.3242106610072 -22.09382861850455 -3.136597581260256 3.0331846628577668 23.55543182373171 -5.423738849975399 128.85036303493314
-48.08017395558741 -16.50764338097349 -3.067984618849652 3.1430359210830483 -50.757644470859134 -43.68569959633991 162.11097178922142
44.75013536484911 -2.691030368447393 -2.0329220014921936 -0.2552383547936643 -26.835458667533928 -3.592771351336633 11.927839466629594
-34.54660016184952 -6.481717100253353 -1.1868290567934052 -0.0763676114021739 -25.12325543432696 -15.12058724559214 97.84660456890204
-20.57567623891549 -6.439989434998704 -1.7304968198368844 -0.0594288522176801 -16.744494115579172 -16.28467596962647 29.221824118465182
1.5167202392556287 -16.68050051215779 -3.152180924497861 0.9610892769775988 -40.74750257010459 -12.417598287925458 27.539322521752183
-43.19210852403804 -7.24403792016042 -1.6137830920178378 -0.0056261149378395 -12.479012490901944 -15.1398033061974 57.146842088702016
141.49452481963195 -4.242206188121004 -1.9342579879983175 1.489231420478483 -25.69348545524965 -30.998919260878168 65.35851356360976
75.61244491823588 -4.511993798061224 -2.006571382160487 -0.4588546611123084 -39.35298569489657 -9.667271520141997 58.09441818159144
150.36130424839956 -13.56443434684279 -1.6965582440729088 -0.4892858637258335 -52.70780423278416 -13.941403800266572 120.36147878474468
-43.23611667882009 -7.431953567769933 -1.4927521438233338 0.1215487746271236 -18.750468746981056 -25.3690180521818 94.62864231301327
-78.83801934645014 -15.99711694156938 -2.9293218677856125 3.037623960985001 22.73559764563528 -54.87085997948979 192.98006579098373
655.0549944174769 -4.17220593625921 -1.9865546421310345 -0.0187226366201841 -45.33584609737609 -15.81378134763657 89.90238251381393
88.48522768931097 -2.4335495524818307 -1.829939847455606 -0.470762369187481 -29.217925007635632 0.6713736341312806 -1.3839709229301445
-81.08611780502025 -15.226858387753714 -2.7962598228382607 1.923071529271812 14.551272657821023 -21.46782624417525 196.57224974959772
64.03834237114295 -5.922021790459342 -2.001492731153975 1.5478371378197924 -4.089169681095725 -27.62134262944022 44.82906810299846
33.76950387600894 -5.558383573058475 -1.7449275464803442 -0.4378766959315463 -22.712976383769867 -9.426767351093028 1.0303293411066503
-41.40269829214651 -6.345898012939453 -1.8721237842062264 1.8398762046333343 9.416810131858318 -40.62474970385742 71.13729386618076
319.2981690628356 -12.0114990472247 -1.781366824990212 -0.6189102556239611 12.572874158432873 6.154575390680652 11.348672383380592
-35.78258275815329 -7.58849627487895 -1.5953840783370328 -0.0271703620939895 -13.95638661178289 -10.463423252166182 36.31739857115431
47.53448305901549 -3.604952165126576 -1.482508401905492 -0.2688886801646267 -40.76196000606001 -2.5251674789729064 54.439344797361024
-48.773075920018336 -17.237884316506392 -3.2851713592089418 1.0595477385449024 -26.50125515337349 -15.71895402166144 38.71906138523424
8.118331684571238 -6.0035017009750185 -1.8884521767287008 0.1742739386363259 23.54634608155394 -11.721367261683032 -18.659360940689325
-55.8105853325769 -6.408034609230608 -1.67983059961798 1.995347939621799 14.922341769827623 -43.075100842511134 100.58596670920916
-42.16461130230103 -16.852406388718197 -3.225152538823737 0.994507857095784 -40.10725436398811 -17.401224609221902 82.84224130286972
343.3213611634708 -4.395885859056443 -2.0076634225495646 1.625482132736935 -42.24566710203389 -31.75785251762476 103.62823342349482
-71.63062574297336 -15.712172836200963 -3.107517191739438 3.214202821729098 -1.9650875688973537 -39.50910848934615 137.873912597267
848.3292711359642 -21.87743992796028 -3.1090152727614586 2.7130925415247336 13.758532787273658 -1.812139255894404 101.08192056698526
-21.32766556050076 -17.02041103145747 -3.177258003996105 0.9897952633145046 -18.70847951223199 -11.136505105983538 -1.0589234373507068
22.144544116140462 -16.8037958058056 -3.3393860248614358 0.6253594232895224 -20.31103507336387 -13.3202474505672 -4.266332280704555
7.256972755048202 -5.164313963150096 -2.010419007905259 0.2695566752351829 12.914969771291654 -1.4090177692906374 -15.176820985371116
-26.34245595337628 -6.604617533062455 -1.5539078510591946 -0.0811166094663581 -24.59072098541049 -8.587531188448661 52.135879533611735
-31.262072391963923 -16.669267363937035 -3.098367039764651 0.8972002687034852 -46.07259480504518 -20.946295616871133 65.06900175718229
169.96911525146913 -3.592522081028698 -2.0016568421295613 1.5639757947684931 -26.42164680430853 -31.05980383184848 66.50021900712241
-26.56168732679444 -7.456762873758919 -1.7444181647604495 -0.1219040574393978 -11.38316850201982 -8.263892272991665 2.49586858557259
4.618547336493363 -5.809764017780452 -1.841532878783835 1.7737071876698831 -12.306935926942614 -42.26661037683514 115.06824259817256
126.71253489970314 -2.5647807203470774 -2.0625406552138905 -0.2631691965519799 -15.03653540726295 -7.774186139040815 -1.7462984785213145
-34.480620531868 -16.475865921131273 -2.970633265497732 0.933289999571673 -51.84644710585119 -22.09433162594956 132.07627533759646
740.2151817016819 -20.25322276604458 -2.9647437919676243 2.320148793171005 -41.553077218604514 -9.541156289640462 182.5710974339206
-51.07381814010413 -6.936944676865674 -1.6195564762348589 1.287884831648754 17.596412585945824 -25.00593564390348 48.84821454488015
-65.90990700881449 -15.256749818252295 -2.949572179478921 2.93624296465075 -26.83653093963513 -43.90467559690674 192.2491749389552
14.052894799447238 -5.953678811659053 -2.003860392419256 -0.1843272546234694 -21.969440150637965 -15.725185194530225 33.119911395974924
-42.83908150548601 -6.29358226660727 -1.7319744729308002 1.3459319797441034 5.318056750651532 -25.224189637514783 49.5289070435538
657.6592446650076 -20.62701373655584 -2.96317953869049 2.387961219946838 -44.39736617773163 -8.86784687721066 198.5215767903696
82.44034560096308 -4.072669790302208 -1.8864536230055489 1.617703113947504 -25.519668721704143 -37.68792882040745 96.05205341918884
-1.4928483258006295 -6.60625606595228 -1.883120991591576 1.6482711721622283 -6.187237870197758 -37.28317790176408 60.82367851333485
-86.39425248501875 -13.769571871245285 -2.5802579926657097 3.1879640629353845 40.832757958617776 -56.506326536394745 355.4733703392375
-27.198118764078277 -7.808010002031319 -1.943619823277458 0.4793046082551558 10.883272004292746 -12.428316017634373 -5.2594814712376845
-7.199278105950094 -16.66639729865688 -3.259508678911544 0.5872706693289871 -50.48402802616928 -18.993898909527545 35.28268073936479
-56.36821755021045 -16.27145313774752 -3.0345264551887348 0.8572403174000833 -26.14521250443906 -17.695755687846848 136.91356224087085
6.745931948087211 -6.19613902713396 -1.8176851159887029 1.7276010918183158 -11.028917376711505 -39.261420772494894 106.27890379957086
-35.53615077662617 -7.271696225214176 -1.7189301677213475 0.3797181475225772 4.167882182886398 -1.5657803689650962 -9.190934877368534
-25.65789827535086 -5.784110441930607 -1.792617077547795 1.813901187316139 -0.3596613773464988 -41.03637794945429 115.23772731111856
-73.89092120267533 -17.81519536997196 -3.1181737364113182 1.4344279928240702 16.605133219231107 -16.6623895538744 92.50591322014115
25.207098034799856 -6.016092642880584 -2.0146581537290227 -0.3106578342142532 -20.789116816464794 -9.145808317611944 29.131478852982116
47.91639825066745 -13.557207548286115 -3.31148367480462 0.9140831468796332 20.824312858808973 -7.81642775998537 -15.77732625504844
-77.2272243160572 -15.564861013660234 -2.835631382625922 2.0827333235494043 33.953135232867915 -23.698372619414403 115.27744809304234
-31.15984158146601 -6.962277774688242 -1.5441843302896423 0.1558938849607348 -10.640982944651885 -0.6759756257805635 5.885559301316224
-43.56672442921288 -16.580777354419094 -3.2709224500818403 0.9100096246925412 -3.709984118049889 -12.444009133795344 1.4495675448794625
479.24958637221965 -9.265533265172898 -2.559353931524012 3.188636930461027 -49.21343022807482 -42.15090946455927 139.34568837455978
-3.72001240243144 -5.935781045100278 -1.96550911935114 -0.3399021242585304 -16.606267416319927 -16.81099375588839 2.4935793160753743
2086.25302577326 -26.252508432380942 -3.099117045504269 3.024011263006301 -19.596627835317804 10.000529452543814 242.52300354228532
3.463276438231864 -4.984519245190437 -2.001285349873644 -0.0229015432118942 -11.285180476289856 -1.2686393897111692 -4.3684343280351134
-48.72029059037772 -6.134226482960688 -1.6947249440753438 1.319773937202171 -6.122732853585696 -31.329233228966423 111.22151799441328
74.74689611513709 -16.10737580525797 -3.3214414373798884 0.5587069246331466 -7.011496633316923 -10.01956034584059 -8.430224945259905
2.873587123175978 -16.87105837317185 -3.2227936447999888 0.532598142973935 -38.747743484234825 -22.789705795688395 48.721937776994864
57.10859487663179 -14.038877141295028 -3.3157923217213856 0.9401894732097492 19.81009475118456 -7.81642775998537 -15.77732625504844
21.91794269600057 -5.102038046181298 -1.6026706926911671 -0.4001337881147392 -27.53276667124269 -9.399662591923514 18.76425097347894
-31.5446677916122 -6.150055681402634 -1.9191923300720608 1.810964783286908 11.583737316902614 -37.76620898308364 51.5830945678275
54.9403311931999 -2.905644194281905 -1.9843714007695097 -0.2752968082749 -21.103738033737237 -5.316957673433693 -8.001315340869963
400.7938585411235 -3.943652138883636 -2.0044886167617126 1.4902567412337435 -42.53366056108844 -24.637391828926862 78.81717835599994
469.90037579628256 -9.270485011580808 -2.516824536646166 3.201274794963024 -50.13526133835457 -43.15098742570835 144.71541097853472
36.296884861784825 -5.90116628572989 -1.945806409503329 1.7782845315336409 42.62016526119468 -23.464403034717478 20.34436761487604
28.60065496343113 -5.845482023780949 -1.8697263200375789 -0.1743688344611805 2.834011720506433 -8.162755111911371 -18.69473091793605
-25.46887455965478 -6.554302810678782 -1.5772782219017234 -0.0512027935205182 -25.28409468793148 -8.142729954017454 52.94222605310274
-43.90415475118311 -16.81198737657573 -3.0218723893051123 2.9661036429934478 -39.61953218346619 -43.7408614896125 130.23868371257873
-52.38899280268894 -17.444027884161745 -3.199011617087173 0.9285532431933028 -34.8984709139716 -15.733663859867455 87.34401438209477
-60.13487226469557 -6.61245489763115 -1.5043660625293755 2.004527094148294 14.834836736684926 -43.79357923482562 124.97601624160208
48.24861141859267 -5.048005516109535 -1.5528649246853714 -0.5209617533719474 -38.526381088319205 -3.791404735698334 41.46880644400865
-37.77062860191536 -6.19992670255036 -1.816185496608054 1.7835455692137976 3.7724310207109673 -40.34116110418823 116.37114238982166
362.28736350969535 -4.551463033177317 -1.9062348322151408 1.7686540514646871 -52.37036879911848 -31.254594004089185 129.55844103792293
60.49207503019062 -4.154982246491325 -1.9086732832237512 1.5031335623385782 -15.148914097812632 -37.578700686440754 50.47890390600099
-11.639252625994224 -6.024629753787877 -1.6684192951111916 -0.0598846411207944 -15.243765784036956 -0.8616634535240111 -1.4690648340111632
16.60061650014162 -4.838216382145749 -2.011008942132609 -0.0079466566346417 2.060403451539717 -1.285023609806187 -18.45214699992085
-62.08366636580024 -16.702841410928595 -3.065965086599508 3.1976709332443733 -30.454589536170374 -47.408291605975386 165.49648154882533
16.302375792472848 -6.054704915057766 -1.9420835574689643 1.627062586261241 -5.612225484787247 -33.90398307574888 34.40439578610969
182.19722366875112 -2.497982312624964 -2.080106939374613 -0.4389480420272885 -35.44630000361199 -3.8783826942274073 28.98994682500325
47.55790350894881 -5.657858892676928 -1.8907369765776116 1.534370447486523 -13.455726333213724 -38.62931351574298 51.58604974014949
104.43622635990717 -4.666839356854503 -2.00867504695722 1.5169319308674531 -19.81739303723733 -31.938483487314198 43.46456925416335
114.84203205184076 -4.281433326758607 -2.138516163215049 -0.4081606331721927 -18.80945242745247 -16.635217369930817 19.590540601745975
54.1627197029442 -5.019752200643931 -1.372028133779504 -0.444052849242738 -43.45164710825315 -1.6094716225518142 65.04126668738068
87.95836067600955 -3.18252257549166 -1.696748788155859 -0.5263456475039129 -40.70834137080283 -4.071150123246478 41.50499689648731
71.30546959033376 -15.612087889829573 -1.8450073546868 -0.21699290484285 -39.3282284843564 -15.764086479793528 24.09306385939849
660.8308119819161 -20.8249267987442 -3.0102640980832374 2.4165990324918107 -34.60397984151991 -7.697411796318541 157.71493175937096
2.919885161750417 -17.32455055096132 -2.9994773103034333 0.9332790547161522 -55.855070544304006 -11.847926371947112 91.04381692784608
-51.70050866882266 -16.179098010492115 -3.1427703559501587 3.228881736092048 -42.769759429142745 -35.14663851774911 121.48906945972718
-60.14309139348156 -17.564910486237363 -3.2231910662578827 1.0192104254921817 -9.375756028481131 -17.13912203755111 56.34490988690333
-46.2588487792328 -6.341263786146524 -1.7776157395142034 1.8562021342366288 9.421342459887224 -41.94661239917701 83.7603261890228
77.03288770973042 -4.35131754918982 -2.004582990980317 1.5547083942892592 0.6322895967988328 -26.532499953249665 27.68283278004604
-58.8645156095297 -6.958534336726262 -1.431507060729307 1.5404672401743036 9.679918432989682 -31.01591030393964 109.47586150915866
#